"Id","PSCV.1","MPS.1","PSSD.1","MPFD.1","PD.1","PSCV.2","MPS.2","PSSD.2","MPFD.2","PD.2","PSCV.3","MPS.3","MPFD.3","PD.3","PSCV.4","PSSD.4","MPFD.4","PD.4","PSCV.5","MPS.5","PSSD.5","MPFD.5","PD.5","PSSD.All","SR"
1,997.5207521,1439.173319,14356.05252,1.039840803,0.044589778,801.8876693,220.9448071,1771.729164,1.046766521,0.130186228,168.4413644,56.39600729,1.039390147,0.121825645,20.20305089,21.89473879,1.02147046,0.000796246,81.82202404,33.54415625,27.44650759,1.019454556,0.003184984,5649.83328,0
2,867.4075665,1958.204629,16985.61512,1.040130542,0.031849842,402.5688529,93.76583283,377.4720376,1.046846138,0.192691543,251.6332723,88.77606299,1.048629228,0.188710312,148.2760537,358.9480111,1.027774093,0.004379353,184.7323509,488.5405321,902.4924099,1.04651476,0.003583107,4679.968417,0
3,285.8417172,145.7079848,416.4942059,1.051455895,0.173183515,1288.244803,345.5677656,4451.758782,1.040831583,0.115853799,542.3087964,342.4714099,1.054073213,0.101123248,0,0,1.034513382,0.000398123,56.56854249,25.80319712,14.59649253,1.022807949,0.003184984,2605.125322,0
4,417.0213693,96.18917962,401.129434,1.039619419,0.095947648,812.4228122,2526.276349,20524.04536,1.045615324,0.028664858,766.1642374,168.0955165,1.046386192,0.095947648,149.9424861,270.461211,1.018415822,0.008360583,79.92040316,30.10372997,24.05902236,1.030668343,0.023887381,6960.445869,0
5,538.7162759,178.8289661,963.3807466,1.043594384,0.056135346,530.8153423,6697.798159,35552.94023,1.048276134,0.011545568,130.3691853,65.87668412,1.040307091,0.045784148,412.3048945,2800.758517,1.030148958,0.010749322,197.2664755,58.69575748,115.787052,1.038011983,0.039414179,9486.012864,0
6,658.6121126,201.9781966,1330.252868,1.0413862,0.048969132,619.4139914,5602.337228,34701.66064,1.038099005,0.015526798,174.0123646,53.08086264,1.034132736,0.022294889,112.0835487,214.8427469,1.030030517,0.002786861,148.7262899,98.05214904,145.8293234,1.059245686,0.014332429,13440.07942,0
7,187.1827578,85.74600888,160.5017441,1.042083929,0.056931592,456.2072185,10264.26607,46826.32273,1.034190149,0.008360583,122.7203925,50.06490454,1.039256379,0.061310945,137.9300169,219.4738505,1.026856921,0.009554953,522.5289869,197.3084473,1030.993831,1.044387159,0.023887381,10708.33509,0
8,361.0861465,199.9068745,721.8360297,1.046070752,0.068079037,748.7615542,3356.373109,25131.23146,1.036031212,0.023091135,136.6748636,60.50948209,1.043955085,0.104308232,54.38407922,63.03979537,1.020742018,0.010351199,132.4320264,138.3051365,183.160295,1.058958906,0.009953076,8229.254409,0
9,594.7440942,237.5888585,1413.045704,1.046120987,0.082411466,888.5407035,2185.002297,19414.63478,1.037324556,0.033044211,150.6610359,60.27237364,1.042787443,0.084402081,236.8620956,744.5282834,1.022527659,0.008758706,89.34392512,37.98230616,33.93488317,1.027151507,0.009953076,7597.160748,0
10,592.3720011,356.7107693,2113.054722,1.046454469,0.111474446,1238.40648,500.9410251,6203.686114,1.048659526,0.091568295,211.4656015,75.35255326,1.04276733,0.170794776,151.279756,549.9599701,1.02059446,0.003583107,106.3675037,40.42500882,42.99907275,1.041626913,0.004777476,3245.843172,0
11,633.1971821,764.338639,4839.770724,1.047371882,0.072856513,657.820869,251.5593048,1654.809605,1.047253235,0.117446291,197.430313,81.03502911,1.047332921,0.173979761,136.1571721,655.8141987,1.040872663,0.001194369,83.26399131,26.3766015,21.96221118,1.029262569,0.003583107,2356.292859,0
12,456.1965383,285.3039657,1301.546815,1.04810589,0.103511986,1188.070687,673.8022746,8005.247311,1.04646018,0.078828358,301.2186161,124.4624802,1.046980805,0.128593736,144.0507891,315.4115312,1.029225494,0.005573722,112.964653,24.61228033,27.80317707,1.024412249,0.005175599,4036.46873,0
13,559.0909416,227.6024788,1272.504842,1.049140483,0.146111149,1200.328518,681.4911061,8180.132093,1.049775035,0.071662144,298.3198861,93.2528673,1.047545156,0.181942221,73.91188051,151.1859983,1.033539873,0.004379353,59.26547641,22.70681346,13.45730118,1.020438132,0.001990615,3523.518427,0
14,1044.08202,328.5013923,3429.823971,1.045360365,0.115455676,642.1427138,176.1284259,1130.995854,1.047223007,0.166415423,508.7894996,279.8017675,1.048586267,0.116650045,0,0,0,0,49.29127336,77.40959135,38.15617328,1.033255964,0.001592492,2123.982039,0
15,808.9229344,617.973539,4998.929686,1.043242668,0.078828358,513.6140517,177.0659274,909.4354841,1.044902762,0.13575995,513.9241603,150.6311693,1.055835331,0.179553483,0,0,1.024082177,0.000398123,0,103.2127885,0,1.066171873,0.000398123,2357.306763,0
16,588.9805345,318.8783674,1878.131513,1.048912696,0.125408752,518.5098436,230.4521605,1194.917137,1.050688599,0.145713026,267.8400268,147.8384963,1.055900584,0.178359114,0,0,1.035840877,0.000398123,0,0,0,0,0,1228.640661,0
17,454.0734537,139.4031449,632.9926747,1.047850186,0.09355891,655.1130008,4264.095611,27934.64471,1.036830871,0.017517413,237.197709,97.35371664,1.049323277,0.105900724,67.88326461,104.3956733,1.027416608,0.00796246,77.69430752,23.42136354,18.19706621,1.023071507,0.031053596,7317.078305,0
18,405.1481722,157.1128002,636.5396384,1.045323062,0.093160787,620.8291667,4785.141469,29707.55391,1.04707661,0.016721167,125.2714859,49.04739948,1.033217961,0.048172886,128.5222929,274.9966438,1.022849213,0.010351199,141.6802294,51.06316903,72.34641504,1.035160353,0.015128675,8982.256995,0
19,469.6636374,438.3184514,2058.622382,1.05207735,0.067282791,830.401403,2308.913689,19173.25167,1.03127435,0.028266735,214.3517443,63.30384359,1.039000903,0.059718453,156.527719,345.7311743,1.012749729,0.00398123,199.4470448,44.41277564,88.57996854,1.02262531,0.01313806,7863.920212,0
20,782.9047667,347.9172831,2723.860993,1.037277778,0.041006671,646.399787,4550.078439,29411.69734,1.054060656,0.017915536,109.0414504,48.42517815,1.03474643,0.058125961,116.9481773,500.9277207,1.032151808,0.002388738,114.1412176,37.98230616,43.35346671,1.038929491,0.009953076,11051.51525,0
21,540.8126034,317.6138991,1717.695996,1.046233342,0.043793532,691.6486643,3928.405112,27170.76148,1.042067391,0.019508028,191.2216778,61.67956542,1.035664326,0.082809589,175.6598538,279.9538309,1.019383102,0.013536183,195.778594,144.7695165,283.4277239,1.053011509,0.015128675,9115.202964,0
22,436.3268557,175.8336784,767.2095601,1.042067989,0.088383311,1016.090908,1317.029301,13382.21498,1.045582684,0.048172886,803.5194623,320.8006373,1.04539664,0.053746608,141.4023445,236.7557133,1.022427729,0.010749322,125.3970965,110.093641,138.0542293,1.069275857,0.017915536,6420.313927,0
23,551.4180384,207.5945616,1144.713859,1.048660193,0.144120534,740.4604267,400.6021653,2966.300503,1.045302973,0.102317617,625.1971521,230.9178721,1.051111098,0.12381626,43.86200443,38.48051817,1.016883946,0.002388738,63.4655391,22.90033744,14.53382261,1.033138485,0.012739937,1869.589184,0
24,1061.577224,387.3947191,4112.494105,1.043262075,0.100725125,1223.001802,490.8536697,6003.149227,1.046086319,0.09355891,308.2825906,76.30374004,1.041774159,0.178359114,66.29890635,93.06337195,1.041120887,0.001990615,391.515213,75.16008186,294.2631545,1.032818469,0.015526798,3609.659588,0
25,822.5208684,437.2393369,3596.384791,1.044580027,0.098734509,656.2384173,258.903248,1699.022577,1.043413874,0.122621891,281.4399643,154.4535788,1.051304606,0.146111149,59.79928621,118.2976457,1.032428694,0.002388738,268.1392088,466.3341443,1250.424685,1.052628121,0.004379353,2109.38634,0
26,582.5237852,464.6226886,2706.537672,1.043331002,0.099530755,568.1864978,248.1708767,1410.073413,1.043092964,0.125010629,332.7703585,129.3211134,1.047607957,0.154869856,91.63749288,176.2657309,1.044410225,0.004379353,269.3058505,584.4424147,1573.937615,1.04161243,0.003184984,1621.782377,0
27,743.6726136,526.8543702,3918.071665,1.046315439,0.078828358,777.3267324,433.3990209,3368.926448,1.045524059,0.086790819,295.6838765,96.56920668,1.043368625,0.138546812,214.4782649,980.3484191,1.037331004,0.008360583,311.2334469,262.1604827,815.9311066,1.044155253,0.013934306,2611.666271,0
28,753.5539456,375.9778792,2833.196144,1.043253681,0.101521371,698.3668807,228.9924409,1599.207366,1.046847656,0.14093555,433.5210118,226.1183237,1.057275855,0.129788105,0,0,1,0.000398123,134.3709625,61.92767308,83.21281035,1.026215148,0.002786861,1859.843774,0
29,999.6942728,1047.496796,10471.76548,1.044666278,0.054542854,385.3349608,164.0738248,632.2338086,1.047417908,0.130982474,184.9289937,103.3126074,1.054335332,0.205829602,0,0,1.030519307,0.000398123,0,41.28511539,0,1,0.000398123,3925.645097,0
30,453.0048476,273.5138894,1239.031178,1.050561106,0.133769335,1072.311068,371.4175309,3982.75129,1.049320705,0.1106782,229.7178399,138.684181,1.055851166,0.160443578,0,0,1.053520547,0.000398123,24.74358297,24.08298398,5.95899312,1.014001062,0.001194369,2204.807947,0
31,563.6092207,250.8458248,1413.790198,1.045687425,0.116650045,1092.127623,779.5736872,8513.939581,1.044283207,0.071264021,243.7054759,116.2017209,1.051897748,0.129389982,0,0,1.011950959,0.000398123,42.42640687,17.20213141,7.298246263,1.022477732,0.003583107,4102.566863,0
32,572.9232102,236.5461717,1355.227921,1.048840857,0.121825645,1155.393003,838.1375834,9683.782993,1.045074928,0.066088422,249.7094699,97.61384816,1.049875971,0.145314903,53.03300859,87.57895516,1.01169511,0.000796246,319.2917111,285.0260851,910.0646641,1.026770017,0.005175599,4353.504352,0
33,264.9048895,147.48237,390.6880094,1.048988116,0.066088422,543.6946817,6967.895349,37884.07644,1.04515439,0.011943691,150.8632656,68.56278091,1.045617311,0.094753279,87.09210075,125.84626,1.024195667,0.001592492,210.4410925,50.91830898,107.1530457,1.015712424,0.005971845,9750.306212,0
34,172.7068984,66.75417038,115.2890572,1.043417515,0.1106782,359.9082385,16777.63574,60384.09325,1.035927162,0.005175599,157.5147037,52.07085178,1.038534185,0.079624604,101.1341125,296.746917,1.020674139,0.002786861,124.6068197,227.0681346,282.942381,1.048680495,0.003583107,9668.295052,0
35,238.9445139,80.10072234,191.3962816,1.043409136,0.064894053,223.5069527,46229.00795,103325.0469,1.044779837,0.001990615,91.14256075,36.25910134,1.035653043,0.045784148,43.88938642,65.68421637,1.029381891,0.000796246,145.4068962,67.78569621,98.56507694,1.029763174,0.014730552,12873.91022,0
36,196.5221663,78.69975121,154.6624559,1.042003738,0.082809589,955.9783894,1290.629005,12338.13437,1.041621144,0.043793532,830.772536,308.3696368,1.052166143,0.11983503,0,0,0,0,0,20.64255769,0,1.009624609,0.000398123,5493.170715,0
37,185.9868002,79.91475612,148.6308978,1.042248803,0.082013343,1007.710884,1419.719067,14306.66356,1.040886945,0.045386024,717.517276,329.9267616,1.053097525,0.081217096,157.3113035,734.7033577,1.039748902,0.003184984,139.184207,28.54478681,39.72983516,1.024739819,0.025479873,6406.951792,0
38,399.997274,171.3775534,685.5055417,1.047354062,0.129788105,827.9985517,2425.930582,20086.67009,1.040119617,0.028664858,640.0073877,187.4126948,1.03916255,0.037821687,97.35737571,287.38785,1.032187759,0.001990615,82.91267796,33.22948312,27.55145432,1.035437256,0.016323044,7374.106777,0
39,298.1440351,126.0043514,375.6744578,1.04718043,0.13575995,656.7132374,4015.201847,26368.36204,1.035426662,0.018313659,585.2352775,60.60147524,1.036814165,0.142528042,0,0,0,0,100.6358112,44.30597749,44.58767987,1.039218173,0.016323044,6389.600296,0
40,487.2235516,222.3361197,1083.273939,1.046504769,0.11983503,891.0361108,2016.877369,17971.10567,1.035557808,0.033044211,113.2686557,49.25300818,1.041673406,0.122223768,65.37871532,141.7063098,1.034251871,0.001990615,83.5880461,38.24944514,31.97196384,1.032622406,0.006768091,6169.525819,0
41,547.1704324,151.3470474,828.1262937,1.04505622,0.086392696,671.9613597,4365.00345,29331.13653,1.039506609,0.018313659,127.4310535,48.52750427,1.036883855,0.117446291,74.98980864,143.7411348,1.030621249,0.002786861,203.8783207,69.9553344,142.6237611,1.027338368,0.010749322,8189.800238,0
42,240.6500584,73.93093811,177.9148457,1.043584619,0.053746608,299.3559257,25237.8204,75550.91088,1.054479754,0.003583107,124.2249952,60.50849724,1.039907281,0.063699684,172.5048015,350.1591313,1.014675747,0.004777476,142.9258388,38.80800846,55.4666716,1.025353206,0.019906151,11847.45544,0
43,550.3728076,275.3904856,1515.674347,1.044494778,0.061310945,781.7499781,2971.238148,23227.65357,1.043657988,0.025479873,124.2199955,44.22134127,1.032545819,0.092364541,96.4231229,172.8522525,1.036428133,0.007564337,147.8090264,59.56497069,88.04240324,1.04035368,0.033044211,7948.005879,0
44,1012.438469,1153.44818,11677.95309,1.038680717,0.045386024,881.4107965,816.6416431,7197.967611,1.043192477,0.052154116,103.5024169,42.56009689,1.036853703,0.067680914,39.28083369,47.97569848,1.016634476,0.004777476,130.3916018,174.1154866,227.031972,1.077779227,0.00915683,7039.062038,0
45,715.834662,424.7251915,3040.330139,1.040640688,0.089975803,1076.900107,885.9448741,9540.741294,1.046567549,0.058524084,188.9052812,67.62348992,1.041323009,0.107493216,154.4194438,352.6296083,1.021695165,0.003184984,242.9700373,180.431245,438.3938633,1.055473894,0.010749322,4776.458249,0
46,736.9517853,3361.115403,24769.79997,1.04111224,0.022693012,480.7376866,213.5015052,1026.382197,1.047203398,0.077235866,159.5244142,49.10587822,1.037876128,0.077235866,154.6413386,714.2531285,1.034556179,0.001592492,437.0964904,151.1493947,660.6686993,1.051805064,0.017915536,8439.145988,0
47,758.6810578,2417.75957,18343.08388,1.037486405,0.027072365,505.7070187,267.7658602,1354.110749,1.048124409,0.097938263,123.495117,54.32644245,1.038306489,0.110280077,51.37386128,60.44781004,1.03710034,0.001990615,323.5134755,64.98582977,210.2379165,1.039318148,0.032247965,5873.494612,0
48,1094.282904,760.1653531,8318.359503,1.040804767,0.064894053,778.3764525,282.5728536,2199.480554,1.04460103,0.1106782,354.832729,146.4623769,1.047667047,0.13177872,0,0,0,0,51.24592785,16.95638668,8.689457683,1.011962589,0.005573722,4019.380826,0
49,1099.810293,930.9388764,10238.56159,1.038500033,0.060912822,565.7975079,139.0873189,786.9525843,1.044937451,0.139741181,651.685261,138.2755061,1.049285996,0.166415423,74.56714028,171.883642,1.032838626,0.001194369,98.90180462,47.82192532,47.29674715,1.051063994,0.011943691,4167.724477,0
50,693.5062921,436.6694897,3028.330387,1.046098246,0.077633989,1121.685185,843.0420562,9456.277845,1.040471218,0.059718453,150.6990018,58.05719351,1.041072179,0.156064225,197.4148878,641.8358434,1.037491295,0.010351199,371.0332524,167.2047173,620.3851009,1.040156077,0.019906151,4327.523364,0
51,1044.161251,442.7913925,4623.456145,1.042749095,0.096345771,1373.759288,311.6607781,4281.468888,1.038993752,0.117844414,290.4497171,112.6695947,1.048685664,0.156860471,126.9704284,271.3821277,1.035493239,0.009554953,198.1392123,75.00129295,148.6069711,1.034025692,0.011943691,3283.899774,0
52,911.2007033,1957.602555,17837.68825,1.039972117,0.035831072,331.4486244,81.40369803,269.8114373,1.041292406,0.16203607,215.2253884,92.79250455,1.049713715,0.1660173,17.51615516,17.62693936,1.035307782,0.001592492,202.9421627,74.75953327,151.7186136,1.029971877,0.014730552,5480.15725,0
53,836.6136414,636.9782789,5329.047174,1.044323622,0.074050882,1339.31784,363.4264934,4867.43586,1.039923942,0.097938263,146.415784,66.96167104,1.043275377,0.129788105,191.3595755,580.6722085,1.028426647,0.00398123,563.8865475,361.4471376,2038.151786,1.036742499,0.020304274,3718.736589,0
54,815.2063927,732.8107981,5973.920472,1.045121549,0.072060267,645.5993436,223.8087834,1444.908037,1.046841692,0.128593736,350.4666887,100.82185,1.047764211,0.173581638,135.6875496,420.1407106,1.038840508,0.001194369,111.2248718,59.23516555,65.88423698,1.040567678,0.00915683,2732.206018,0
55,570.8259557,139.0735821,793.8681043,1.042397643,0.163628562,928.3839868,1606.208279,14911.78045,1.040335032,0.037821687,213.9212499,113.9376927,1.052450711,0.142528042,0,0,1.042666521,0.000398123,0,0,0,0,0,4972.926,0
56,590.5766821,305.1693581,1802.25907,1.047144102,0.115853799,1108.510443,410.147055,4546.522937,1.045827496,0.107891339,194.2373623,119.2600915,1.05868135,0.170794776,0,0,0,0,50,20.64255769,10.32127885,1.010792859,0.001194369,2570.532047,0
57,807.0930787,785.8829361,6342.806784,1.04433638,0.067282791,597.7469448,239.1524789,1429.526636,1.048635201,0.111872569,200.5253337,114.809731,1.058202607,0.177164745,0,0,1.016963949,0.000398123,0,20.64255769,0,1.056640337,0.000398123,2875.882775,0
58,1012.927033,606.0214844,6138.555441,1.043102591,0.078430235,867.4901673,587.9943363,5100.793051,1.042400005,0.06449593,159.8046031,85.56751081,1.050578083,0.16999853,0,0,0,0,0,0,0,0,0,3849.682152,0
59,536.601326,286.9591674,1539.826697,1.045235244,0.119038784,841.2988212,629.9123633,5299.445287,1.042426228,0.078430235,238.1142244,106.4820941,1.047421279,0.152082994,33.67175149,36.49123131,1.022995426,0.000796246,77.3224592,56.02979945,43.32361882,1.040639192,0.002786861,2660.557303,0
60,590.5623604,282.0647299,1665.768127,1.049318968,0.109085708,1115.367817,740.7679852,8262.287701,1.041127369,0.071264021,225.1175307,110.0451843,1.050469484,0.141333673,135.3282314,423.6839918,1.023988864,0.002388738,83.38810196,26.99411391,22.50987923,1.021924501,0.005175599,3964.127443,0
61,292.5700486,133.9916559,392.0194527,1.047541565,0.111076323,883.0667693,2181.440045,19263.57213,1.035205985,0.032646088,257.2908094,92.48311369,1.04638785,0.1106782,65.18150921,118.6934739,1.024816833,0.005573722,228.967288,554.768738,1270.238934,1.021868262,0.004777476,6770.898418,0
62,230.9547739,63.5403729,146.7495246,1.042196576,0.101919494,422.771042,11902.72813,50321.28773,1.03957615,0.007166214,422.8964937,83.17482451,1.045834601,0.095151402,12.24744871,8.427288889,1.009181045,0.002388738,68.68098856,53.08086264,36.4564612,1.043369746,0.002786861,9311.112631,0
63,173.6587892,69.44044068,120.5894285,1.042177325,0.117048168,244.8243655,36520.12499,89410.16429,1.050870938,0.002388738,108.8946305,44.6802729,1.037365149,0.090772049,0,0,1.123724502,0.000398123,114.0377727,95.70640385,109.1414513,1.046674234,0.004379353,9423.397121,0
64,309.3053113,109.7280957,339.3948281,1.04400568,0.127399367,543.1464009,6686.468479,36317.3129,1.049053317,0.011943691,179.2744972,55.91339405,1.037482568,0.105900724,9.428090416,7.298246263,1.02495181,0.000796246,76.61915627,36.98458253,28.33727509,1.026478298,0.004777476,7928.006821,0
65,248.6240228,95.52418364,237.4960681,1.042160222,0.137352443,588.4951536,5076.594724,29875.51392,1.028350539,0.013934306,309.107202,103.4515841,1.043740619,0.154869856,70.71067812,58.3859701,1.02750948,0.000796246,34.40104581,26.835325,9.231632446,1.019728705,0.001990615,6348.349781,0
66,139.5181293,46.36873034,64.69278516,1.034011785,0.133371212,487.7395459,7332.838567,35765.15353,1.034204076,0.009554953,309.6591424,120.234575,1.050371073,0.197469019,0,0,0,0,0,20.64255769,0,1.009624609,0.000398123,5993.666937,0
67,511.3810727,111.4241926,569.8022316,1.036740886,0.072060267,628.3276983,3732.942526,23455.11185,1.044568667,0.01711929,399.5107753,190.0231122,1.058259486,0.147305518,0,0,1.008159591,0.000398123,0,0,0,0,0,6341.287942,0
68,425.7190397,269.8388886,1148.755525,1.053814032,0.105104478,761.1326963,2582.011725,19652.53546,1.036366379,0.024285504,190.1573337,79.85217157,1.043689281,0.111872569,0,0,0,0,0,0,0,0,0,6278.709691,0
69,1003.062159,319.2378765,3202.154338,1.048830318,0.113863184,1027.566429,1079.905417,11096.74554,1.045919919,0.049367255,595.7283664,175.3785043,1.046395603,0.049367255,119.6642245,722.52638,1.043351866,0.000796246,209.124444,430.5447747,900.3743665,1.049281715,0.002786861,5806.11251,0
70,639.5192177,275.4641311,1761.646056,1.047005768,0.13695432,905.5993526,1656.395124,15000.30352,1.04539736,0.036229195,117.1762165,41.13333187,1.032206566,0.054144731,0,0,0,0,15.71348403,46.44575481,7.298246263,1.061469556,0.000796246,6128.219337,0
71,484.0555547,170.5128195,825.3767743,1.043219109,0.155267979,930.1298509,1666.939736,15504.70408,1.046567258,0.038617933,186.8420714,48.18875223,1.036460035,0.180349729,0,0,1.034513382,0.000398123,217.1160752,79.62129396,172.8706285,1.050235612,0.005573722,4969.826129,0
72,933.7878385,293.9090192,2744.486678,1.049549593,0.116251922,809.9908892,938.7482064,7603.774944,1.044422445,0.058922207,178.2502566,52.72220816,1.041639737,0.191497174,120.624098,423.2982833,1.034829989,0.000796246,115.7477906,32.84043269,38.01207525,1.03142713,0.004379353,3399.94903,0
73,363.9824662,132.1807976,481.1149269,1.049961732,0.144120534,498.4809375,7785.134208,38807.40999,1.030674527,0.009953076,105.0590492,36.94439064,1.030363923,0.085198327,0,0,1.022435341,0.000398123,147.4304129,33.42128388,49.27313682,1.025873159,0.008360583,7780.022233,0
74,228.7733404,95.19937321,217.7907861,1.046435631,0.128195613,399.0417509,12637.11579,50427.3681,1.042522642,0.006369968,170.407629,54.4271164,1.036275643,0.064097807,197.0479662,2864.250032,1.035284436,0.002388738,114.9192097,42.31724327,48.63064151,1.023807124,0.00796246,8808.01827,0
75,315.7718373,115.8754685,365.9020959,1.041418504,0.085994573,497.6549374,8251.243161,41062.71899,1.032067346,0.009953076,185.5912161,49.92024472,1.031023263,0.08042085,197.2213425,809.7070847,1.055619727,0.003583107,127.8903039,82.29127729,105.2425646,1.052273828,0.029461104,8954.024599,0
76,1045.395713,1488.866157,15564.54298,1.038374683,0.04737664,958.4284438,598.7288637,5738.387731,1.032283683,0.043395409,142.3250178,48.74628082,1.037294464,0.066088422,43.04128233,51.08772384,1.017901381,0.000796246,103.3440855,68.80852564,71.10954155,1.047681329,0.002388738,8973.44751,0
77,496.3811465,7837.979156,38906.2508,1.035415874,0.009953076,555.8688019,276.8142984,1538.724324,1.054293755,0.06847716,105.4326115,41.42365604,1.037186848,0.05932033,45.13447539,109.4736939,1.063284953,0.000796246,97.92623716,43.63086058,42.72606001,1.041929559,0.008758706,10163.0134,0
78,540.4892827,6049.882104,32698.96439,1.059571299,0.012739937,640.4302555,347.3181026,2224.330212,1.049354739,0.058125961,99.33298271,35.30632581,1.029378144,0.065292176,0,0,0,0,91.65646202,49.26064904,45.15056808,1.041042622,0.008758706,9802.361024,0
79,729.8871236,2495.685225,18215.6851,1.030981812,0.025877996,874.0516495,363.5951499,3178.009405,1.045781616,0.08042085,231.7243515,50.0278457,1.036449305,0.101521371,58.32369066,110.362097,1.037000396,0.001194369,107.5080746,45.58564824,49.00825272,1.038968335,0.019109905,6422.181844,0
80,855.7019461,1521.636037,13020.66918,1.045607284,0.03821981,973.9991816,524.1056749,5104.784985,1.044306365,0.064894053,287.3574001,76.0652231,1.038511164,0.094753279,137.3213125,231.4974877,1.029205252,0.002388738,105.2355991,79.62129396,83.78994572,1.030134334,0.002786861,6343.815233,0
81,1037.000866,1396.928715,14486.16288,1.042432638,0.04737664,622.6728846,258.2469978,1608.034031,1.042711541,0.095549525,259.8565044,66.81348555,1.040826404,0.134565581,42.42640687,43.78947758,1.025020451,0.000796246,122.0735876,43.8654351,53.54811033,1.038995792,0.001592492,6032.95288,0
82,870.0004402,605.6065264,5268.779445,1.049174531,0.074847128,770.292947,311.9712572,2403.092591,1.043121316,0.116251922,302.3724792,110.1021781,1.045572397,0.160443578,0,0,1.020505578,0.000398123,93.09150827,55.93467246,52.07043024,1.051902432,0.012341814,2757.457047,0
83,1070.545369,556.8552166,5961.387733,1.045358565,0.083207712,949.9300593,362.5910134,3444.361028,1.042021234,0.100725125,224.0153222,93.25911681,1.045603225,0.145314903,90.40980219,273.1569262,1.04015755,0.004379353,234.6363608,219.1286894,514.1555821,1.058442274,0.010351199,3477.336831,0
84,1227.984941,746.3163013,9164.651791,1.044909557,0.074847128,963.4267374,273.6050668,2635.984369,1.045035517,0.112668815,204.3764883,77.56819256,1.044896044,0.168406038,43.08080406,84.48330842,1.028315306,0.001194369,43.30127019,13.76170513,5.95899312,1.018880112,0.001194369,4441.539631,0
85,684.4126727,3773.33812,25825.20427,1.040981899,0.020304274,675.4278909,143.6502626,970.2539389,1.038186314,0.082411466,143.9416665,54.08350116,1.041970141,0.099530755,15.74591643,5.95899312,1.039993406,0.001194369,290.4430423,591.0917001,1716.784717,1.049699217,0.010351199,7992.408303,0
86,1022.501919,432.9526768,4426.949429,1.045768554,0.098734509,800.9741597,612.9340455,4909.44332,1.043969572,0.071264021,186.8483144,72.15533488,1.04428574,0.175572253,0,0,1.022757596,0.000398123,99.02706122,45.32387667,44.8829031,1.041950375,0.018313659,3170.267125,0
87,860.7964605,248.3268881,2137.589063,1.042796552,0.133371212,1141.041431,848.8296177,9685.497615,1.039766287,0.06449593,187.972051,67.60684565,1.044575482,0.166415423,98.49261573,226.1867697,1.037914096,0.001592492,101.5577262,48.16596795,48.91626183,1.049608024,0.010749322,4204.959567,0
88,1031.304548,360.1449512,3714.191261,1.04171067,0.097142017,911.9959245,1540.395967,14048.34844,1.042520654,0.037423564,114.3444083,46.13354531,1.036531545,0.111872569,88.15571796,229.7446361,1.043426238,0.004777476,116.6795623,36.593625,42.69728149,1.03374593,0.026276119,5606.019642,0
89,355.0381783,111.3274491,395.2549472,1.044980539,0.173183515,898.7615189,1919.397821,17250.80901,1.032085355,0.03423858,217.643694,95.77500005,1.052858627,0.152481117,3.142696805,7.298246263,1.037553319,0.000796246,117.7813752,53.67065,63.21402963,1.04845477,0.00398123,5293.218453,0
90,1067.292538,394.4392022,4209.820171,1.053392894,0.108687585,835.4712648,640.6838277,5352.729279,1.0525731,0.06449593,149.7770048,74.11082968,1.050675669,0.203042741,0,0,0,0,129.1195431,238.6795733,308.1819746,1.068491857,0.003184984,3156.697365,0
91,660.7573923,717.0453282,4737.930013,1.048667479,0.07245839,749.438353,294.4754685,2206.912101,1.043779516,0.109483831,219.0095817,84.05419147,1.052654438,0.185525328,0,0,1.053941557,0.000398123,0,30.96383654,0,1.086893803,0.000398123,2432.220622,0
92,689.7809498,576.0067541,3973.18486,1.042460956,0.082809589,722.0194761,257.6622537,1860.371654,1.050314833,0.133371212,185.4050067,94.29797319,1.049798205,0.189904681,0,0,1.018629051,0.000398123,0,0,0,0,0,2093.867383,0
93,337.4973626,153.0218096,516.4445716,1.048437133,0.150888625,958.760595,1581.762047,15165.31121,1.043040664,0.039414179,200.1280103,94.90144287,1.05198355,0.151286748,28.28427125,51.08772384,1.031484025,0.000796246,90.82951062,27.52341026,24.99937884,1.010461174,0.002388738,5138.587665,0
94,480.2474286,343.0859321,1647.661367,1.045489649,0.074449005,1138.505621,964.3218673,10978.85866,1.047493829,0.060116576,214.2740151,93.47027292,1.048252732,0.12779749,121.7506048,269.1265325,1.027128181,0.004777476,352.0102807,547.0277789,1925.59402,1.035826128,0.006369968,5225.703901,0
95,223.9056776,97.08999593,217.3900133,1.042656954,0.093957033,408.4288542,10666.13099,43563.55658,1.043065377,0.006768091,127.8362729,56.89823635,1.04210802,0.093957033,75.72376581,118.6559446,1.0203017,0.004379353,324.7854222,1589.476942,5162.389398,1.037335075,0.00796246,7943.668167,0
96,134.2089705,64.12242778,86.05805015,1.044695505,0.069273406,345.5797295,18002.03052,62211.36837,1.045175291,0.004777476,372.0419675,90.75607262,1.039391827,0.092364541,92.82881046,190.0255542,1.01895414,0.002388738,197.9661428,107.083268,211.9886153,1.034016928,0.006369968,10275.23507,0
97,185.3319495,67.38042417,124.8774537,1.044045945,0.105502601,398.9249757,13311.86939,53104.37173,1.035698278,0.006369968,147.2115505,60.23433827,1.04406127,0.101919494,66.79649477,93.07240854,1.014829784,0.00796246,147.0040806,88.59097677,130.2323509,1.03996006,0.009554953,8811.943663,0
98,230.6001798,72.13427105,166.3417588,1.03917229,0.143324288,660.8503432,3944.334052,26066.14512,1.043072461,0.017915536,245.7125887,110.2888425,1.049009194,0.168406038,0,0,0,0,111.0131856,46.22137918,51.31182544,1.04169163,0.00915683,5997.013431,0
99,190.558783,48.30195318,92.04361413,1.030839652,0.100725125,649.0531162,4020.138111,26092.83168,1.038637395,0.017517413,463.2859411,128.2137516,1.046824147,0.171591022,0,0,0,0,290.2928487,756.8937821,2197.208522,1.04017972,0.003583107,6395.772806,0
100,205.878994,62.72161761,129.1306354,1.038911524,0.124214383,633.0635324,4216.11654,26690.6963,1.044474207,0.016323044,409.2244201,134.7949505,1.047087214,0.172785392,0,0,1,0.000398123,28.28427125,77.40959135,21.89473879,1.044707577,0.000796246,6092.937024,0
101,289.1167204,112.8505389,326.2697771,1.051018,0.180349729,852.100493,1891.374349,16116.41015,1.036298515,0.031849842,500.296336,126.2351229,1.044003244,0.153675486,0,0,0,0,0,20.64255769,0,1.009624609,0.000398123,4774.633542,0
102,586.5799023,142.1371858,833.7481658,1.047622427,0.149694256,1066.851094,1012.509576,10801.96949,1.037382141,0.052154116,868.2796482,204.4132521,1.047852832,0.126603121,0,0,0,0,109.9943882,46.44575481,51.08772384,1.02543848,0.000796246,4470.364967,0
103,535.4653881,254.8209066,1364.477757,1.05118714,0.125408752,1019.301498,608.0415887,6197.777023,1.040747996,0.07643962,734.6755999,170.1063599,1.049058569,0.126603121,0,0,0,0,60.60915267,36.12447596,21.89473879,1.062381632,0.000796246,3196.705903,0
104,371.552036,256.3502292,952.4744961,1.05592564,0.124612506,1156.211687,811.1274109,9378.349925,1.042641356,0.065690299,592.7251119,109.9007199,1.040923462,0.12779749,0,0,1.022757596,0.000398123,149.1567479,96.53431392,143.9874433,1.067321433,0.006768091,4273.078535,0
105,486.7453341,269.0413353,1309.546146,1.055943248,0.131380597,933.8594988,921.6546104,8606.959126,1.043196867,0.057727838,286.8921472,81.65344096,1.038596838,0.138944935,0,0,1.030403101,0.000398123,94.56124076,32.68404968,30.90644291,1.045988867,0.002388738,3693.736622,0
106,247.652556,108.1917905,267.9397345,1.04790822,0.19229342,935.1742669,1643.279353,15367.52565,1.038151567,0.037423564,232.5557712,121.2750264,1.050468287,0.138546812,0,0,1.066951758,0.000398123,157.623477,39.37376745,62.06230128,1.032031658,0.010749322,4831.740119,0
107,908.6123991,195.5375227,1776.678176,1.046754225,0.137750566,860.1764749,2065.56226,17767.48064,1.035630356,0.031451719,174.5001723,67.00639759,1.043490866,0.100327002,92.53422123,697.2021951,1.042649143,0.001194369,99.87056572,31.50706174,31.4662808,1.032719017,0.015128675,6019.732058,0
108,306.7984087,103.0813072,316.2518102,1.045323386,0.125010629,457.0035454,9617.465927,43952.16026,1.030040862,0.008360583,108.1790542,38.7785191,1.031552432,0.083605835,195.4527637,1260.826547,1.031268635,0.003184984,153.7453413,51.30722673,78.88247086,1.03270547,0.027470489,8078.441012,0
109,780.7073589,364.5882725,2846.367473,1.049327052,0.084800204,854.9644918,1958.555926,16744.95772,1.042621661,0.033044211,126.1399632,41.28511539,1.03300493,0.062107191,101.7958583,229.3948508,1.029348469,0.004777476,117.7514381,58.59822829,69.0002565,1.037649627,0.012341814,7104.087754,0
110,1069.709329,1163.238043,12443.26587,1.046937395,0.054940977,809.7943192,420.3151295,3403.688042,1.044065593,0.070467775,124.3731094,47.33444498,1.038629262,0.13177872,48.23763889,31.53202772,1.01379434,0.001194369,138.6120355,65.36809936,90.60805312,1.042274441,0.002388738,5978.426884,0
111,939.7081441,481.716782,4526.731832,1.049803084,0.095947648,979.9379177,1073.702382,10521.61676,1.040455274,0.042599163,117.1457498,47.38881582,1.04008386,0.156860471,100.9178243,184.0161776,1.033305356,0.002388738,84.80419624,25.49963009,21.62475634,1.015644234,0.006768091,4682.577478,0
112,678.0117939,1110.87542,7531.86636,1.050275989,0.042997286,999.5221509,883.4369613,8830.148117,1.036736781,0.050959747,188.4672736,45.6071509,1.036952798,0.127399367,0,0,1.04054223,0.000398123,237.8164535,260.6122909,619.7789076,1.051709367,0.004777476,5324.489548,0
113,872.6441068,1283.244599,11198.15837,1.04211932,0.039812302,925.712099,741.9931772,6868.720615,1.038931906,0.057727838,169.1191556,52.87540393,1.037958526,0.097142017,115.2948976,516.456002,1.046705199,0.001990615,64.90734136,17.69362088,11.4844589,1.007680372,0.002786861,6217.969074,0
114,666.4750948,4268.297554,28447.14017,1.042976232,0.018313659,326.2973284,266.3364484,869.0487158,1.048211393,0.069273406,115.0943386,44.13629739,1.036251502,0.072060267,57.6161081,80.28070889,1.025107817,0.000796246,38.56946079,113.5340673,43.78947758,1.04326009,0.000796246,9601.199614,0
115,533.9976471,696.7779311,3720.777758,1.05018424,0.067282791,1096.885802,653.5161828,7168.32622,1.042887557,0.066486545,165.20584,56.87181821,1.039671428,0.156860471,78.51301691,173.4159145,1.040974193,0.001990615,74.69251253,21.50266426,16.0608802,1.018258887,0.014332429,3768.011827,0
116,1048.245655,1113.658562,11673.87749,1.044295064,0.0553391,656.2001742,266.4104211,1748.185647,1.050224695,0.101521371,275.0583947,89.71573151,1.045441561,0.119038784,0,0,0,0,256.6603643,62.32464534,159.9626618,1.041683783,0.010351199,5238.977003,0
117,769.9062019,914.6187302,7041.706328,1.041316894,0.058922207,972.3572429,601.6416981,5850.106628,1.044580209,0.060116576,361.1204835,62.7968334,1.039523315,0.113465061,116.6500403,336.0192011,1.051339729,0.004379353,161.7141259,156.0577362,252.367404,1.070436547,0.009953076,4497.219061,0
118,987.312643,1592.702342,15724.95159,1.038604432,0.044589778,705.6382768,295.1561521,2082.734786,1.046272286,0.076041497,123.2704741,52.84640653,1.040682559,0.112668815,88.00923124,233.9047128,1.036073701,0.001592492,112.0519945,50.31623438,56.38034419,1.028136476,0.003184984,6905.600333,0
119,691.6618345,4005.709384,27705.96301,1.033696192,0.019508028,546.1514362,177.9610635,971.9369043,1.040310952,0.088781434,160.4850352,58.50117565,1.04290944,0.098336386,30.72993368,65.54892433,1.050522025,0.001194369,44.72135955,20.64255769,9.231632446,1.010792859,0.002388738,8461.596163,0
120,872.9481736,1576.349879,13760.71748,1.040619122,0.041006671,497.4034104,231.759625,1152.780279,1.046933884,0.105104478,299.917039,72.22179067,1.042096767,0.151286748,0,0,1.031274568,0.000398123,55.07570547,14.74468407,8.120738769,1.011342044,0.002786861,5133.532821,0
121,1124.384998,991.584822,11149.23098,1.044652556,0.060912822,712.0851744,312.8693744,2227.896431,1.047474294,0.091568295,483.0426523,64.44639365,1.037241218,0.150092379,0,0,1.065903455,0.000398123,309.5554489,62.9808648,194.9606988,1.032685276,0.019508028,4992.721311,0
122,706.1777712,1731.539488,12227.74697,1.040464555,0.035432949,665.145387,274.9856963,1829.054674,1.047173373,0.110280077,108.8808983,43.15387061,1.037444806,0.142926165,156.3422818,537.8840955,1.039168443,0.004777476,121.1225612,45.70852061,55.36333086,1.037861394,0.011147445,4325.201267,0
123,670.908687,3928.144104,26354.26003,1.031531297,0.018313659,338.7593307,156.3446547,529.632106,1.047605827,0.126603121,143.898763,50.87371086,1.037005827,0.128991859,35.74247194,37.41781342,1.022324741,0.002786861,136.6152025,55.4768738,75.78984347,1.041467769,0.025479873,6495.502341,0
124,258.4964179,144.3903905,373.2439872,1.04861992,0.11465943,806.1254299,2574.400155,20752.89431,1.039347414,0.027072365,206.5587209,96.04523371,1.04640699,0.128991859,188.7794567,539.0698976,1.022333571,0.002388738,87.9029341,46.02732459,40.4593688,1.032767238,0.014730552,6368.520398,1
125,996.9518488,212.3377658,2116.905282,1.044006032,0.123020014,903.9495024,773.3881687,6991.038502,1.043222354,0.069671529,283.9152019,135.1890665,1.055209191,0.146111149,54.14885747,60.35962938,1.015386167,0.001990615,84.85281374,25.80319712,21.89473879,1.017256691,0.000796246,3414.260294,0
126,432.0103477,268.389465,1159.470261,1.049795995,0.113465061,1059.149153,1022.489632,10829.69027,1.042199604,0.054144731,136.3564913,74.22719704,1.050847827,0.191099051,0,0,0,0,0,0,0,0,0,4257.691242,0
127,490.7559155,205.1603879,1006.83674,1.050804949,0.123418137,978.724326,1330.329157,13020.25508,1.040368355,0.044191655,200.4664598,88.01949656,1.047923054,0.177960991,8.838834765,14.59649253,1.043876719,0.000796246,79.2807936,47.47788269,37.64084219,1.022133775,0.001990615,4676.738353,0
128,357.9394783,211.6973686,757.7484567,1.04915584,0.129389982,969.6565052,1399.506989,13570.41056,1.042015322,0.04220104,207.3104642,77.19653743,1.046879005,0.173581638,0,0,0,0,165.3279569,61.92767308,102.3837567,1.014573607,0.002388738,4751.405446,0
129,497.9881225,197.7339737,984.6917031,1.047581188,0.090772049,1140.933527,1149.762186,13118.02227,1.048076147,0.058125961,185.2484729,94.24376273,1.048018402,0.14889801,104.4053749,714.8060018,1.034973651,0.001194369,205.156588,40.38761288,82.85784854,1.022335542,0.00915683,5722.086931,0
130,349.7067994,279.8654456,978.7084927,1.052370392,0.093160787,942.837568,729.9710812,6882.441589,1.053670736,0.075245251,220.9055451,141.1194672,1.053574051,0.132574966,74.87012977,197.0526491,1.012775946,0.000796246,49.18078893,22.93617521,11.28019192,1.018782248,0.003583107,3466.405175,0
131,621.252843,301.1034617,1870.613816,1.04430375,0.082809589,1035.59603,1310.714197,13573.70419,1.037883395,0.046580394,183.2275026,70.50530264,1.042250129,0.146111149,181.5085465,758.0065915,1.03197223,0.005175599,338.1335673,194.5561063,657.8595025,1.031970187,0.00796246,5544.361361,0
132,310.789107,167.4641002,520.4601817,1.047500079,0.076041497,528.0401691,5820.845363,30736.4017,1.036935576,0.011545568,164.2614519,50.05319208,1.038051582,0.082013343,416.9204877,2941.413026,1.029050658,0.012341814,404.5253864,606.8911962,2455.028956,1.041488366,0.011943691,7566.566619,0
133,244.0728691,167.3475275,408.4499117,1.049851535,0.06330156,422.5366892,11630.36105,49142.5425,1.045137869,0.007166214,133.4046248,52.41064973,1.039533656,0.091966418,65.62054828,92.88520826,1.016468424,0.005573722,143.1397245,45.41362693,65.00494044,1.020259631,0.009953076,9862.458918,0
134,407.9011701,171.9073927,701.2122664,1.044326858,0.060116576,299.5658642,23179.29867,69437.26638,1.046396345,0.003583107,193.8320918,63.2392168,1.039519462,0.072060267,82.45122291,130.486983,1.015605315,0.008360583,120.9799357,57.41211358,69.45713808,1.03255936,0.012739937,10500.26403,0
135,427.9110354,98.81070086,422.8218932,1.044117538,0.165221054,679.8758183,3781.673564,25710.68409,1.043598898,0.019109905,198.4705244,63.28323274,1.044826036,0.172785392,54.22005916,67.15444195,1.021401708,0.002786861,57.80507551,31.99596442,18.4952914,1.029500958,0.00398123,5899.213018,0
136,268.1529474,87.77764336,235.3783378,1.042074713,0.13177872,969.7693678,1520.373523,14744.1167,1.042886967,0.041802917,744.3769644,179.6092481,1.047409295,0.129788105,105.4291796,166.8518074,1.013175685,0.001194369,336.4575528,192.0904674,646.3028858,1.04603241,0.007166214,5469.137886,0
137,96.41172799,45.9317469,44.28359088,1.038719555,0.099928879,885.9918503,1999.34363,17714.02162,1.039982045,0.033044211,546.0630519,247.323204,1.051770606,0.116650045,0,0,1,0.000398123,176.2952443,57.2830976,100.9873768,1.02638367,0.00796246,6401.883972,0
138,178.7680568,67.56751474,120.7891331,1.036478207,0.111474446,779.1214961,2710.142047,21115.29926,1.034862534,0.025479873,569.1309836,172.0112249,1.049452658,0.13575995,0,0,1.004528193,0.000398123,0,0,0,0,0,6485.056809,0
139,178.1024596,73.50578662,130.9156139,1.03738255,0.107891339,690.6918574,3645.475689,25179.00374,1.030739501,0.019906151,427.3384242,138.0252375,1.04787192,0.14093555,0,0,1.020505578,0.000398123,0,0,0,0,0,6860.724084,0
140,566.8231034,158.1735983,896.5644988,1.042389932,0.111474446,829.9253393,2195.887421,18224.22613,1.040809227,0.029062981,333.842726,130.3603538,1.047941075,0.142129919,0,0,0,0,0,51.60639423,0,1.08842573,0.000398123,5871.973005,0
141,704.4971079,275.7102861,1942.370992,1.053583966,0.115057553,1108.192408,939.6694357,10413.34535,1.037341986,0.056931592,564.3740694,125.7189104,1.042604666,0.11465943,0,0,1.028456392,0.000398123,72.32661592,59.34735337,42.92393233,1.066726002,0.004777476,4775.854699,0
142,631.6406618,214.2894084,1353.539038,1.047165433,0.133769335,1155.938986,735.6428563,8503.58257,1.040090907,0.065292176,707.9500092,168.4204015,1.043311163,0.136556197,7.644397634,29.19298505,1.02650481,0.000796246,0,0,0,0,0,3913.485,0
143,529.0410374,203.6276399,1077.273778,1.043432455,0.132176843,878.7395303,1939.186155,17040.39531,1.046585822,0.033840457,249.4498938,70.28673161,1.041845277,0.104706355,0,0,1.015720207,0.000398123,0,10.32127885,0,1,0.000398123,6062.080692,0
144,1208.6155,709.8629802,8579.514006,1.045979521,0.078430235,941.1597667,388.0543885,3652.211778,1.042834622,0.095947648,210.1254822,61.53482164,1.038332122,0.115057553,0,0,0,0,0,30.96383654,0,1.086893803,0.000398123,4931.897119,0
145,900.6929204,575.7355982,5185.609773,1.048210499,0.072856513,910.9461336,1337.256953,12181.69051,1.043670726,0.041006671,92.03636675,37.62272612,1.031447471,0.049367255,57.21953561,220.4827455,1.074142629,0.001194369,96.91732122,53.81809684,52.15905779,1.049367965,0.016721167,6660.011678,0
146,908.7276674,1912.7997,17382.14009,1.036534168,0.035432949,623.1123697,365.0889094,2274.914155,1.047930867,0.078032112,112.2664787,44.6080637,1.038154411,0.081615219,0,0,1.026823542,0.000398123,0,61.92767308,0,1.030403101,0.000398123,7527.527743,0
147,917.4478927,604.8850885,5549.505497,1.044166781,0.056533469,912.4756202,1698.436807,15497.82179,1.037214352,0.035034826,83.76478572,42.42588831,1.03371107,0.075643374,140.8127997,1370.318561,1.048045909,0.002786861,124.7255967,49.97671863,62.33376053,1.027862126,0.007564337,7558.193342,0
148,997.1538497,1135.809822,11325.77137,1.048684199,0.052552239,651.5336581,609.1028988,3968.510398,1.043509524,0.055737223,131.8646887,44.25954733,1.038066863,0.138148689,84.85281374,175.1579103,1.038860545,0.000796246,58.57687257,22.93617521,13.43529413,1.023261848,0.003583107,5512.950907,0
149,1032.699712,931.6014564,9620.64556,1.037888935,0.058125961,774.5311633,1236.936876,9580.461573,1.041432444,0.033044211,161.440913,57.47432941,1.041052977,0.078430235,89.38424316,236.7903225,1.03089898,0.001194369,62.17055508,47.73591467,29.67768312,1.037084257,0.003184984,6949.876858,0
150,1108.860166,759.6064259,8422.973076,1.037731364,0.062107191,719.4591413,1709.537701,12299.42526,1.034907301,0.027072365,264.970665,69.30648208,1.037987627,0.090772049,0,0,1.025016929,0.000398123,89.75274679,41.28511539,37.05452507,1.039668463,0.00398123,6788.947597,0
151,579.4560191,6035.883869,34975.29238,1.04778639,0.013934306,699.8266868,230.8213269,1615.349245,1.036896191,0.056931592,206.3564511,44.99537902,1.031102844,0.060912822,0,0,0,0,47.14045208,15.48191827,7.298246263,1.004812305,0.000796246,11388.09342,0
152,679.2450546,1021.980073,6941.749103,1.045698508,0.04737664,968.7338278,872.1023932,8448.350896,1.039605665,0.044987901,274.6103324,116.4770826,1.045188992,0.099132632,118.692924,686.0351487,1.010355355,0.000796246,184.3517857,122.3808778,225.6113334,1.04228693,0.002786861,5310.772407,0
153,668.9443443,1700.620819,11376.20679,1.039003403,0.037821687,671.5204967,329.5388704,2212.921059,1.04344875,0.060912822,910.1742346,178.6997887,1.040205465,0.081217096,53.03300859,87.57895516,1.027850582,0.000796246,0,2415.17925,0,1.15267072,0.000398123,5475.57342,0
154,600.943421,920.5194291,5531.800948,1.045510212,0.053348485,727.1121959,832.9741178,6056.6564,1.044250747,0.052552239,170.8576022,46.12606918,1.035837534,0.089975803,137.3397263,615.4406332,1.054585094,0.004777476,129.1559087,44.1399372,57.00933697,1.036199152,0.018711782,4039.513999,0
155,435.1840841,4366.675048,19003.07481,1.040333615,0.015924921,851.335358,503.5089539,4286.549755,1.04686751,0.053348485,132.7215425,45.19204015,1.03585218,0.070467775,52.95130667,73.78090219,1.022325814,0.002388738,99.87492178,68.80852564,68.72246116,1.031612954,0.001194369,6911.691851,0
156,730.4103111,3008.924396,21977.49404,1.042667007,0.022693012,589.543848,535.6034626,3157.617263,1.050409401,0.052154116,144.1554257,52.73921752,1.039956655,0.065292176,139.9120544,293.6278365,1.031123611,0.001194369,105.8612846,37.8446891,40.06287403,1.035886451,0.002388738,8932.670145,0
157,928.8271997,1882.91201,17488.99889,1.03699075,0.037025441,385.8628738,415.5126157,1603.30892,1.044840896,0.06330156,109.456517,41.37937364,1.034397008,0.087188942,55.40398386,58.61359658,1.037680958,0.001592492,108.0056979,36.86171017,39.81274731,1.038697989,0.005573722,7678.852301,0
158,1065.79651,1239.946015,13215.30136,1.0391064,0.050163501,593.9969766,731.6541031,4346.003252,1.038602122,0.046182271,136.4219389,43.98379839,1.035631227,0.086790819,9.428090416,21.89473879,1.026332716,0.000796246,0,20.64255769,0,1.009624609,0.000398123,7226.01701,0
159,692.2303516,3770.302449,26099.1779,1.040964752,0.020304274,506.2981754,240.3757733,1217.018155,1.043788424,0.078430235,125.0250577,42.02528678,1.034838703,0.099928879,57.45178882,58.1116414,1.021136261,0.001990615,62.40127256,37.31539275,23.28527994,1.043576586,0.005175599,8231.651413,0
160,611.3749847,5021.030546,30697.32473,1.029985556,0.015128675,353.0549022,205.5725787,725.7840666,1.047224707,0.096345771,101.6365795,36.61989735,1.034839712,0.099530755,140.3636366,339.0033425,1.029774289,0.001990615,86.66514943,16.77207813,14.53554657,1.019177858,0.006369968,8073.320228,0
161,487.7969048,8370.127091,40829.22088,1.026977587,0.009554953,302.1961583,179.9930335,543.9320326,1.049521118,0.081615219,135.3800169,38.21236825,1.032234963,0.104308232,178.7601456,523.98946,1.035554308,0.00398123,89.86138698,64.87660989,58.29902148,1.036759645,0.002786861,8879.009475,0
162,754.0582127,269.4565591,2031.859314,1.044123426,0.115455676,688.848185,811.3815333,5589.186966,1.042946014,0.063699684,220.2795193,91.72513909,1.049239979,0.186719697,0,0,1.018629051,0.000398123,90.26709338,30.96383654,27.95015524,1.01518289,0.001592492,2600.379007,1
163,522.7520168,242.2725992,1266.484898,1.049318658,0.111076323,927.0397044,1333.952946,12366.27344,1.038761083,0.042599163,272.6627112,89.91421764,1.050149208,0.165619177,74.91694891,233.9047128,1.041362664,0.001592492,144.6184673,732.8107981,1059.779745,1.036552998,0.001194369,4562.198712,0
164,503.4397673,187.9904604,946.4187362,1.046294351,0.068875283,688.5004148,2754.143154,18962.28704,1.045517722,0.02508175,185.2850525,93.32037162,1.046440673,0.143722411,116.7848754,494.2013982,1.028072516,0.002786861,348.9178936,386.1096587,1347.205688,1.0391912,0.008758706,6051.581258,0
165,629.4781039,173.0575871,1089.359618,1.039938282,0.099132632,838.2154292,2191.138691,18366.46258,1.040534714,0.029859227,233.0708709,104.9932091,1.048837235,0.159249209,17.67766953,14.59649253,1.009314525,0.000796246,154.1464467,83.65668118,128.9538015,1.041094824,0.007564337,5862.228608,0
166,311.1975919,137.8960048,429.1290461,1.044648735,0.088383311,963.0210233,1742.575912,16781.37238,1.04568214,0.040608548,323.6651687,129.351507,1.051844329,0.128593736,33.25396814,33.17826953,1.019582373,0.001194369,115.6125216,46.44575481,53.6971083,1.028683373,0.006369968,6576.894325,0
167,535.7231458,164.4272024,880.8745815,1.043419042,0.097938263,935.0929176,1545.683853,14453.58023,1.048497345,0.042599163,206.871877,112.8061182,1.050892074,0.15805484,0,0,1.001469714,0.000398123,85.12362625,39.40851923,33.54596062,1.021136469,0.004379353,5442.362331,0
168,241.7561071,102.5949654,248.0295945,1.041558341,0.113066938,553.4709792,6141.826803,33993.22894,1.028876879,0.012341814,164.5351754,84.31388006,1.046765152,0.146111149,38.4870108,52.96468939,1.006803593,0.001194369,131.2766548,28.89958077,37.93840288,1.012461378,0.00398123,7179.755496,0
169,307.0220578,128.0047792,393.0029072,1.046275854,0.117844414,409.8368804,11173.08792,45791.43497,1.035517301,0.006768091,145.5753802,61.36576965,1.039611952,0.138944935,58.70576447,68.6707707,1.015709946,0.002388738,182.6280051,94.47939867,172.545841,1.032461129,0.005175599,7239.025348,0
170,216.7640356,146.7647268,318.1331446,1.050871922,0.085198327,410.944593,12266.53634,50408.66785,1.039406982,0.006768091,124.7285828,48.85071299,1.041477833,0.082013343,68.78359394,110.0398712,1.026423259,0.001592492,127.6478272,28.24771053,36.05758872,1.012731947,0.007564337,9690.745135,0
171,379.1955352,329.1415611,1248.090104,1.047348492,0.061310945,648.4831999,4204.200917,27263.53663,1.038814303,0.017915536,136.9182323,53.96037011,1.038471577,0.045386024,194.2050832,787.4604637,1.016768612,0.002786861,152.411461,46.23932923,70.47403723,1.024051156,0.019906151,9541.135967,0
172,821.5420398,836.617617,6873.165436,1.04282303,0.0553391,790.2320845,586.1863996,4632.233004,1.043588025,0.079226481,149.6175106,47.00286929,1.036412641,0.140139304,57.89646491,132.659554,1.027391781,0.001990615,110.3134102,68.37847236,75.43062469,1.052678138,0.003184984,3930.780195,0
173,1006.791184,408.3907017,4111.641582,1.041271497,0.079226481,1009.579737,645.5903208,6517.749063,1.049077295,0.07245839,322.1175809,121.6950785,1.047865956,0.171192899,0,0,0,0,34.23265984,16.51404615,5.653197247,1.024581057,0.001990615,3697.188217,0
174,377.6547344,140.6609972,531.2129154,1.043915414,0.107095093,987.7648983,1442.155292,14245.10376,1.039263902,0.04220104,335.9292735,152.6449031,1.048988902,0.156860471,20.20305089,29.19298505,1.016320624,0.000796246,0,20.64255769,0,1.009624609,0.000796246,5294.34928,0
175,134.4109696,51.74220053,69.54719342,1.034366677,0.060514699,410.9353602,12183.96611,50068.22503,1.047539932,0.006768091,250.6919509,99.33518094,1.04982695,0.144120534,0,0,1.061425203,0.000398123,101.0152545,36.12447596,36.49123131,1.015201551,0.000796246,8933.971339,0
176,178.855295,56.64589189,101.314177,1.033128866,0.084800204,671.176641,3581.690185,24039.46788,1.038066051,0.019906151,491.4844458,141.9114841,1.048968567,0.168406038,0,0,0,0,0,0,0,0,0,6515.901829,0
177,224.8146836,62.72161761,141.0074062,1.038808611,0.051755993,705.8046646,3817.861283,26946.64303,1.035665921,0.020304274,420.2535828,153.8659436,1.047966774,0.125010629,0,0,0,0,0,0,0,0,0,8661.818316,0
178,610.6927358,109.6081821,669.369206,1.031017472,0.064894053,614.220448,5037.048725,30938.58324,1.036339752,0.015526798,260.0458904,125.7994227,1.046032599,0.116251922,0,0,1.007719642,0.000398123,0,10.32127885,0,1,0.000796246,8677.269683,0
179,296.4902412,80.243713,237.9147783,1.039464477,0.097142017,676.1760637,4060.65462,27457.17457,1.033827756,0.018711782,540.2879051,247.7736269,1.044371386,0.065292176,0,0,1.026874303,0.000398123,0,0,0,0,0,8849.582643,0
180,799.1658368,345.6184878,2762.06488,1.044574697,0.113863184,1004.337697,910.6833482,9146.336164,1.03996756,0.054542854,157.5328443,72.73914459,1.04063125,0.150888625,0,0,0,0,0,0,0,0,0,4124.694106,0
181,1133.990584,849.2398583,9630.300031,1.035448057,0.065292176,455.1483905,305.7204922,1391.4819,1.050924635,0.09754014,227.0809121,96.35881423,1.045748912,0.15287924,0,0,0,0,0,0,0,0,0,4448.500967,0
182,1200.425862,658.5909487,7905.896076,1.038740629,0.079226481,703.1329236,676.4123816,4756.078154,1.053333371,0.055737223,181.5412177,83.7487851,1.043241991,0.115057553,0,0,0,0,57.31952574,86.99363599,49.86433958,1.062368722,0.005573722,4930.210424,0
183,524.282464,7145.642516,37463.35065,1.045500251,0.011147445,699.7381377,262.8092488,1838.976543,1.045583166,0.069671529,90.62508967,31.31077028,1.031386931,0.04737664,0,0,1.053520547,0.000398123,130.9096996,101.6248994,133.0368505,1.049515552,0.005175599,10891.26387,0
184,819.4620511,1890.178591,15489.29625,1.043862234,0.032646088,1190.058811,400.530465,4766.548088,1.039741004,0.076041497,157.1384355,53.43041334,1.038439558,0.092364541,200.7363244,2051.137023,1.044999487,0.002388738,215.7772988,88.92178699,191.87303,1.033148356,0.005175599,6771.823393,0
185,895.161953,1833.903591,16416.4072,1.0416073,0.035034826,829.3616916,475.7649364,3945.812125,1.044426709,0.062505314,138.7300372,49.72657369,1.037698433,0.115853799,81.40773265,109.2301482,1.02312805,0.001194369,122.5467648,28.38351683,34.78308161,1.024082951,0.003184984,6913.058553,0
186,986.2850038,1512.68284,14919.36401,1.036793935,0.043395409,564.2915255,423.621184,2390.458441,1.042388901,0.054940977,226.8060401,73.104459,1.041006169,0.14889801,37.11537445,53.63093808,1.02518345,0.001194369,0,61.92767308,0,1.091209304,0.000398123,6330.615894,0
187,524.409389,340.3305893,1784.725564,1.045834223,0.075643374,823.2123117,2125.335118,17496.02036,1.035772797,0.029062981,302.2392073,105.2559085,1.043764007,0.116650045,76.14996105,153.2631715,1.027631135,0.000796246,55.90169944,24.77106923,13.84744867,1.028703901,0.001990615,6385.395269,0
188,714.2465125,1102.943326,7877.734238,1.039110559,0.028664858,892.4548934,1418.074132,12655.67198,1.036139336,0.035432949,409.2035964,158.0514693,1.044885232,0.111872569,63.08240337,141.6123089,1.014136945,0.001592492,111.5183509,35.38724176,39.46326845,1.022169044,0.002786861,6441.102355,0
189,684.0704938,396.5291315,2712.538788,1.037012504,0.06847716,1136.96375,665.5950624,7567.574583,1.043442949,0.06449593,620.3123207,252.9963299,1.047168451,0.115057553,66.82080945,141.8762483,1.021589393,0.002786861,105.2590461,54.70277789,57.57962221,1.034101639,0.00398123,4187.865394,0
190,687.1508225,546.4395195,3754.863652,1.04191055,0.076837743,1027.927692,407.987724,4193.818796,1.044051667,0.076041497,539.5210046,223.6391383,1.049951759,0.11983503,58.51044477,86.55937495,1.034952883,0.001194369,0,10.32127885,0,1,0.001194369,3068.955007,0
191,773.7835151,3198.098192,24746.35661,1.037294057,0.024683627,334.9900683,161.4509546,540.8446631,1.043219188,0.087985188,137.9573776,48.6760627,1.038665918,0.126204998,0,0,1.024699089,0.000398123,170.3442121,117.5037899,200.1609052,1.045262725,0.005175599,7869.210294,0
192,282.640615,26826.29388,75822.00202,1.046586624,0.003184984,199.2723748,122.9408025,244.9870567,1.048540658,0.094355156,125.0638981,39.72827444,1.034669094,0.071264021,0,0,1.022435341,0.000398123,103.0124762,37.8446891,38.98475135,1.0262796,0.002388738,10328.57218,0
193,614.090435,1465.187016,8997.57332,1.046651373,0.037821687,633.8919454,998.4844853,6329.312729,1.047475921,0.041404794,99.19390344,39.76338838,1.035659441,0.062107191,25.46077927,58.68927589,1.049741634,0.001194369,115.6993724,62.44373702,72.24701181,1.036025762,0.00796246,5612.993693,0
194,883.375932,1428.715205,12620.92626,1.040110424,0.039414179,788.1768545,1282.676929,10109.76267,1.034131299,0.031849842,142.6535623,39.14146516,1.031499059,0.051755993,51.15240545,124.0701865,1.059126009,0.000796246,95.51296913,34.40426282,32.86053293,1.041714513,0.017915536,8195.136928,0
195,578.19501,5804.80865,33563.11396,1.039359677,0.013536183,377.8367483,332.1575192,1255.01317,1.045021433,0.052552239,127.9978481,49.33127363,1.038358509,0.074050882,97.89671552,104.4099942,1.028375523,0.001194369,104.23454,24.98835931,26.04650137,1.02458067,0.007564337,10142.82168,0
196,385.1431253,14966.54241,57642.6092,1.034651609,0.005971845,314.0789099,122.9880118,386.2794068,1.037496551,0.04737664,207.546628,68.83043919,1.037054005,0.062505314,75.60430055,91.68913548,1.014964814,0.001592492,79.18251736,25.9811502,20.57252877,1.030933773,0.011545568,12405.19115,0
197,477.025409,8757.175048,41773.95009,1.042759929,0.009554953,485.1172057,171.8353451,833.6028247,1.041624417,0.058922207,167.1023465,66.61916346,1.041061131,0.087587065,60.76751033,85.29898497,1.030548252,0.001990615,73.95530917,36.12447596,26.71596789,1.028476197,0.002388738,10212.99993,0
198,199.6324586,59891.80083,119563.4745,1.063732276,0.001592492,155.907422,62.36134026,97.22595793,1.038235968,0.04737664,145.4224063,33.07021998,1.026798825,0.039016056,51.64584919,65.03224771,1.031488323,0.001990615,77.62070591,106.6532147,82.78497816,1.090274134,0.001194369,15805.96892,0
199,342.4393219,18207.59599,62349.96824,1.054750221,0.004777476,533.8659224,100.7093293,537.6527901,1.039291109,0.09355891,129.7219904,36.19582121,1.029016414,0.086392696,116.2639286,332.9978984,1.043484206,0.001592492,0,20.64255769,0,1.009624609,0.000398123,9986.938958,0
200,1006.304001,1158.783578,11660.8855,1.042503918,0.05135787,483.1488352,259.3844146,1253.212778,1.048612316,0.115455676,157.8817519,59.09992545,1.040412173,0.174377884,25.620414,24.85693108,1.018744313,0.001990615,40,25.80319712,10.32127885,1.022896674,0.001592492,4559.701677,0
201,514.4100278,312.3975191,1607.004165,1.044955365,0.08042085,1003.538647,1136.28679,11403.07708,1.038296715,0.047774763,201.7038019,79.5167473,1.046043927,0.162832316,39.80801362,33.89674273,1.007994486,0.003184984,207.1577609,3703.27485,7671.621259,1.044788813,0.001990615,4698.106888,1
202,470.9601555,255.8285521,1204.850547,1.044454638,0.070865898,789.8009531,2619.064205,20685.39405,1.034372055,0.025877996,147.1467473,74.03577924,1.046971291,0.174776007,65.67656593,133.8785648,1.021417993,0.001592492,179.9990061,160.3767944,288.6766359,1.04328709,0.005175599,6335.649343,0
203,393.6996123,898.0331746,3535.553126,1.054438311,0.050163501,1048.158286,842.6476909,8832.28159,1.035721595,0.053348485,157.0123213,57.15673869,1.042437639,0.173979761,0,0,1.014655802,0.000398123,0,30.96383654,0,1.022753969,0.000398123,4154.811192,0
204,793.6137477,392.3649792,3113.862416,1.040718095,0.078828358,979.7167621,874.9780906,8572.307018,1.046895022,0.061709068,254.7031986,98.85978227,1.047124075,0.150092379,0,0,1.034513382,0.000398123,90.43915617,34.83431611,31.50386155,1.023340239,0.006369968,4225.385051,0
205,259.657371,141.8530761,368.3319682,1.046071916,0.063699684,455.535535,9553.572296,43519.91667,1.040554288,0.008360583,222.8517947,65.96066636,1.041040944,0.154869856,29.7819732,33.04421537,1.00517917,0.001592492,81.80801579,30.25202421,24.74858074,1.028711205,0.023091135,7935.110145,0
206,362.5877269,216.2727334,784.178388,1.04616251,0.112668815,797.2214579,1733.394999,13818.99688,1.041689946,0.035432949,179.2948583,76.99856697,1.043308973,0.179951606,0,0,1.018629051,0.000398123,180.8819207,58.97873627,106.681871,1.042502024,0.005573722,4529.831465,0
207,489.5292823,238.2304066,1166.2076,1.044971566,0.107493216,785.4542177,2370.659107,18620.44194,1.041387547,0.026674242,158.1286876,66.91463714,1.043099633,0.165619177,0,0,1.008159591,0.000398123,0,0,0,0,0,5594.07786,0
208,646.4219342,415.9374186,2688.710706,1.054333545,0.081217096,901.6232969,1641.300627,14798.34882,1.048548047,0.037821687,102.6088643,41.55204501,1.036586681,0.092364541,95.45454545,216.7468558,1.025728045,0.001194369,70.71067812,41.28511539,29.19298505,1.020013855,0.000796246,6445.640944,0
209,513.9686671,678.3680219,3486.59908,1.048850138,0.052154116,772.2844328,2275.685603,17574.76565,1.032192117,0.026276119,97.49354806,39.39949714,1.034195822,0.082809589,63.45538899,179.4537694,1.013678791,0.001990615,177.3407599,96.46425999,171.0704517,1.032166166,0.010351199,7098.088131,0
210,725.2297513,1951.264927,14151.15378,1.040282618,0.03025735,791.9592217,458.1589215,3628.431829,1.041013948,0.077633989,112.5434241,47.91161737,1.038900642,0.102317617,29.46208188,88.18504512,1.029683496,0.001194369,101.0878331,55.04682052,55.64563805,1.031850151,0.002388738,5760.731261,0
211,864.2099945,1647.252377,14235.71968,1.040749779,0.034636703,536.4656502,221.5401276,1188.486686,1.047128838,0.117446291,248.5787406,92.32440639,1.04502028,0.181145975,55.33879157,131.3684327,1.027204494,0.000796246,0,30.96383654,0,1.022753969,0.000398123,4637.905167,0
212,513.8507953,215.0587962,1105.081334,1.040624947,0.085198327,912.2246219,1524.994497,13911.37529,1.038684874,0.040210425,321.8042798,132.6635579,1.052583125,0.152082994,44.99770426,102.1754477,1.025170485,0.000796246,0,0,0,0,0,5331.900439,0
213,228.7290596,75.20273896,172.0105176,1.041742048,0.121029399,813.0700382,2434.176387,19791.55888,1.032192083,0.027470489,300.4932135,170.9960868,1.050978275,0.138944935,4.681218399,5.95899312,1.005885237,0.001194369,169.7845502,42.75958379,72.59916703,1.017244643,0.002786861,6085.517663,0
214,318.4425888,85.26964216,271.5348559,1.036024252,0.103511986,934.2606469,1628.527554,15214.69206,1.041462369,0.038617933,730.6724758,239.9872864,1.047912688,0.117048168,56.56854249,58.3859701,1.014541895,0.000796246,62.36095645,30.96383654,19.30934462,1.024272278,0.003583107,5940.141587,0
215,219.0353279,66.91941885,146.5771685,1.040087965,0.109483831,835.2889571,2450.013566,20464.69276,1.027514914,0.028664858,347.9085047,208.8133355,1.049077947,0.10669697,70.71067812,131.3684327,1.024728778,0.000796246,70.71067812,20.64255769,14.59649253,1.011376984,0.000796246,6993.423499,0
216,186.4990589,64.4854244,120.2647096,1.038831461,0.136556197,467.3028831,8617.798688,40271.22172,1.033910836,0.008758706,241.0623904,122.9199803,1.048353844,0.127399367,0,0,0,0,48.44729135,19.16808929,9.286420063,1.014293693,0.002786861,7181.652483,0
217,537.543827,130.5303613,701.6578992,1.043248353,0.139741181,813.9980059,2488.774456,20258.57444,1.031637232,0.027470489,280.7958932,108.954427,1.040504171,0.120233153,76.77349127,104.5968807,1.028939401,0.001990615,0,51.60639423,0,1.016963949,0.000398123,6256.636989,0
218,1145.901558,716.2751367,8207.807952,1.043245828,0.076041497,482.8174791,363.9239001,1757.0882,1.053392074,0.09355891,157.077959,68.36012885,1.041917312,0.168007915,0,0,0,0,0,0,0,0,0,4004.708872,0
219,1231.634934,642.6749697,7915.409436,1.042490692,0.082013343,803.7650529,318.9351055,2563.48892,1.053570389,0.108289462,172.2491219,73.05198049,1.044134678,0.173979761,0,0,1.007719642,0.000398123,0,0,0,0,0,4005.188426,0
220,949.4858678,362.7985005,3444.720491,1.044489201,0.111076323,880.8898776,870.2714664,7666.133255,1.046546387,0.052552239,271.3573787,88.81525772,1.047482245,0.157258594,0,0,0,0,0,0,0,0,0,3710.320286,0
221,834.0768403,1953.179149,16291.01494,1.041029126,0.033442334,556.3786868,234.2356894,1303.237453,1.046300695,0.100327002,390.0684094,107.1083684,1.046751665,0.102317617,39.59797975,51.08772384,1.015585767,0.000796246,75.60038461,42.75958379,32.3264098,1.051498929,0.002786861,6150.01537,0
222,625.4518164,5159.865327,32272.47141,1.036075193,0.015924921,236.5693331,106.9732544,253.0659145,1.045845307,0.10271574,168.2789487,61.11960143,1.043503277,0.111872569,0,0,0,0,0,10.32127885,0,1,0.000398123,8476.177974,0
223,963.8150529,1473.2165,14199.08238,1.034207013,0.04220104,817.8329569,294.8936813,2411.737714,1.045663407,0.086392696,204.0469594,96.27817924,1.04953395,0.127399367,0,0,0,0,94.34101312,43.34937116,40.89623593,1.047700999,0.001990615,5909.242018,0
224,527.4714807,312.3604609,1647.612348,1.040545274,0.07245839,940.9201339,1322.612338,12444.72578,1.040087194,0.041404794,744.2566336,177.1986546,1.043671167,0.123020014,21.57274926,65.68421637,1.029998325,0.000796246,172.2107878,38.21662708,65.81315456,1.028385924,0.014730552,5195.85603,0
225,611.0701523,4481.336308,27384.1086,1.032254814,0.015128675,727.9593209,464.3610875,3380.359819,1.042372499,0.042599163,209.912749,90.89690665,1.048288963,0.129788105,0,0,1.022435341,0.000398123,155.1800741,42.16979643,65.43912133,1.037498057,0.013934306,7652.747279,0
226,713.2835445,1479.118653,10550.30996,1.035035324,0.025877996,928.717322,1453.30265,13497.07346,1.045773778,0.037025441,209.0878009,57.49106366,1.039451002,0.133371212,92.9340341,167.859664,1.037415779,0.000796246,87.94803661,32.2539964,28.36675656,1.024266045,0.003184984,6929.173921,0
227,370.9486924,134.9459129,500.5800992,1.038883243,0.064097807,846.560798,2215.679795,18757.07655,1.040044115,0.03025735,515.0865323,175.1599486,1.048524943,0.136158073,0,0,1.031026403,0.000398123,63.52688266,43.57873291,27.68421052,1.035476148,0.003583107,6774.399452,0
228,599.8113052,766.6167259,4598.25379,1.037948447,0.054940977,784.0289134,289.4014475,2268.991024,1.04175777,0.091170172,538.6096117,233.4117778,1.046576674,0.11983503,161.757,742.9449006,1.031963332,0.00398123,403.3581868,129.1723686,521.0273238,1.038741004,0.01313806,2542.303057,0
229,759.4727777,2695.126265,20468.75031,1.040132154,0.029062981,380.2437633,134.0566101,509.7418993,1.0391322,0.06847716,469.9896003,130.7152205,1.041820309,0.065292176,0,0,0,0,323.9422773,828.2826274,2683.157606,1.035588626,0.004777476,8555.906231,0
230,396.4824069,13136.40765,52083.54524,1.04583315,0.006369968,261.1921446,145.7627665,380.7208958,1.046221965,0.081217096,260.9713863,52.44894761,1.035456047,0.078032112,28.28427125,43.78947758,1.028234338,0.000796246,84.41534797,44.72554167,37.75522163,1.044707364,0.005971845,10016.63244,0
231,872.3635923,969.9583066,8461.563127,1.040980479,0.050959747,1048.828356,858.3994888,9003.137247,1.042561651,0.052154116,146.3256544,46.42434137,1.035348568,0.095947648,60.60915267,43.78947758,1.018348579,0.001990615,154.951613,60.48269404,93.71891001,1.041698912,0.019906151,5968.606805,0
232,598.6916739,1886.756934,11295.85667,1.04849288,0.03025735,578.104763,470.4264804,2719.55789,1.041485708,0.066088422,259.9193408,77.08705139,1.038153299,0.101919494,126.4591738,422.0212611,1.044166984,0.002388738,294.2961491,132.6284332,390.3203715,1.048678028,0.023887381,4421.980164,0
233,913.539305,1326.007869,12113.60307,1.046170792,0.044589778,656.4358551,559.7860263,3674.636189,1.049107212,0.057329715,229.0912201,58.35099229,1.040375118,0.120631276,35.47539149,51.26119709,1.021758283,0.001592492,155.359373,80.81341735,125.5512185,1.046738402,0.018711782,5491.472803,0
234,608.0964249,5080.242093,30892.77055,1.034646989,0.015128675,593.6912525,620.8109749,3685.700453,1.03760939,0.029461104,151.6875097,51.75670412,1.037868486,0.082013343,0,0,1.052883864,0.000398123,95.70795991,39.90894487,38.19603696,1.034533892,0.005971845,10558.88484,0
235,627.0752871,5069.812169,31791.53922,1.031909316,0.015924921,466.6354002,391.0084475,1824.583834,1.045308959,0.03423858,165.0112929,61.55235385,1.038096891,0.087587065,74.07684396,163.6175012,1.032249073,0.001990615,41.06032651,18.92234455,7.769576457,1.014487749,0.002388738,10675.01814,0
236,399.1078583,14189.82317,56632.69936,1.024223206,0.006369968,240.7666065,134.6589278,324.2137307,1.044736491,0.042599163,215.0996151,53.84719819,1.038883736,0.060514699,93.37945804,81.92261112,1.023319291,0.001592492,140.1430715,85.51916759,119.8491882,1.054168427,0.005573722,13232.78399,0
237,463.1189842,9876.994707,45742.23756,1.037808078,0.008758706,364.4354137,118.8388587,433.0908862,1.040128658,0.071264021,129.6507232,50.11864233,1.036680265,0.088383311,143.088484,253.5269713,1.020697161,0.002388738,81.1816781,28.21149551,22.90256548,1.025670812,0.005971845,10188.01218,0
238,497.7756219,8022.936473,39936.22192,1.037146275,0.009953076,254.5727846,159.2661167,405.4481881,1.048697252,0.074847128,218.3166609,59.18937461,1.036361209,0.136556197,60.60915267,109.4736939,1.039762088,0.000796246,0,0,0,0,0,8454.786772,0
239,511.9592934,649.7207907,3326.305969,1.04570629,0.0553391,1222.316473,558.5272859,6826.971019,1.042681467,0.087188942,185.3067076,99.44425614,1.049654311,0.146111149,44.90715143,63.03589556,1.02754185,0.001990615,144.8072546,169.0109411,244.7401038,1.044612351,0.003184984,3992.129863,1
240,447.8494237,267.7339733,1199.045056,1.048505226,0.079624604,721.5009365,3043.057047,21955.68509,1.040590828,0.021498643,158.9292548,69.75953779,1.043217553,0.146907395,0,0,0,0,427.5216228,343.8862452,1470.188056,1.038362755,0.008758706,6391.199902,1
241,734.0310333,735.8715911,5401.525844,1.049923693,0.057727838,1110.6783,768.3398157,8533.783604,1.042459552,0.062107191,131.1429498,49.29113881,1.038036742,0.189904681,0,0,0,0,112.344068,552.1884183,620.3509324,1.069051126,0.000796246,4472.599448,0
242,550.3456251,674.9490834,3714.552752,1.048567789,0.052552239,1061.990219,1122.707428,11923.04307,1.035914624,0.049765378,120.235314,51.89072698,1.038374681,0.144518657,185.1654432,1024.373276,1.03215719,0.001990615,40.82482905,20.64255769,8.427288889,1.017342499,0.002786861,5567.795485,0
243,283.4327132,189.9115308,538.2714043,1.045163212,0.083605835,691.6393501,3743.885923,25894.18826,1.033853326,0.019508028,146.5809327,68.0236784,1.041958893,0.127399367,137.3239437,2012.649375,1.055572346,0.001194369,70.15880943,42.0592113,29.50824191,1.038731315,0.015924921,7273.941324,0
244,281.4326209,157.0813808,442.0782469,1.044562485,0.087188942,553.4839905,6398.85994,35416.66534,1.037487925,0.012341814,134.6547656,60.89909203,1.042419602,0.115853799,30.46340487,42.97091049,1.02088814,0.001194369,91.13263072,17.89021667,16.30382509,1.016752095,0.005971845,8342.764458,0
245,486.9063174,302.623904,1473.494907,1.049566779,0.082013343,824.4328964,2390.902439,19711.38623,1.039533183,0.028266735,125.2884593,47.82476865,1.038656553,0.144518657,0,0,1,0.000398123,75.19596777,30.0584612,22.6027508,1.031157834,0.022693012,6335.815069,0
246,570.4458616,1053.333421,6008.69691,1.044042883,0.043793532,823.9371139,880.6501232,7256.003209,1.044822692,0.0553391,136.8727248,42.53871201,1.033776734,0.098336386,23.40609199,29.7949656,1.011812438,0.001194369,199.1031099,201.2649375,400.7247497,1.057372724,0.00398123,4718.472748,0
247,464.6756847,6898.742781,32056.78025,1.041583991,0.009953076,623.212863,228.9447308,1426.813011,1.042669603,0.096345771,152.0322942,64.10822495,1.043588278,0.141333673,0,0,1.051158016,0.000398123,0,30.96383654,0,1.022753969,0.000398123,6492.420771,0
248,746.1637657,2674.27894,19954.50044,1.030118523,0.023091135,429.8566418,348.1927388,1496.729614,1.045187954,0.088781434,151.467527,60.67660898,1.041642371,0.118242538,0,0,1.050015021,0.000398123,34.64101615,17.20213141,5.95899312,1.006416406,0.001194369,6364.009229,0
249,886.7487898,971.7746439,8617.199894,1.041229135,0.046978517,762.4922169,390.2403523,2975.552314,1.047768758,0.08559645,281.6100098,110.2560646,1.046327713,0.185525328,70.41578571,281.021971,1.038584814,0.001194369,47.14045208,15.48191827,7.298246263,1.004812305,0.000796246,3650.267913,0
250,349.4313806,147.1826296,514.3022945,1.045334772,0.068875283,959.6730615,1496.199591,14358.62442,1.04250754,0.042599163,447.0478723,206.0674253,1.054602215,0.126204998,10.10152545,14.59649253,1.040313579,0.000796246,0,10.32127885,0,1,0.000398123,6104.177487,0
251,279.7379821,101.6803715,284.4386195,1.039885784,0.091170172,717.9172169,3218.136517,23103.55612,1.044534202,0.021498643,293.1089511,151.7871156,1.054166994,0.134167458,86.81877677,358.4323217,1.033141268,0.001592492,179.1434791,59.58192789,106.7371385,1.031456318,0.008758706,6687.729144,0
252,404.6370497,122.6167927,496.1529724,1.042330421,0.079624604,813.6416163,2628.934431,21390.1046,1.034579498,0.027470489,296.8189863,109.2949706,1.047134485,0.133769335,57.1949757,113.2351244,1.021969858,0.004379353,231.793142,219.2381989,508.1791099,1.050477569,0.011545568,7003.991683,0
253,256.0553261,99.47955995,254.7227117,1.042332191,0.112270692,682.1272158,1047.726208,7146.825614,1.041393029,0.052950362,401.4171367,276.4396063,1.058634015,0.101123248,196.4904804,2818.965924,1.042962272,0.003583107,170.3837206,72.24895193,123.1004524,1.03245438,0.003583107,3246.568063,0
254,191.5727249,73.22103913,140.2715398,1.039534045,0.143722411,828.921241,2248.225591,18636.01947,1.034549694,0.029461104,611.0341611,189.0387246,1.04696897,0.118640661,81.61892073,323.4860697,1.031822847,0.001990615,38.49001795,15.48191827,5.95899312,1.016566237,0.001592492,5930.221407,0
255,628.197635,80.89097509,508.1551924,1.032570031,0.100327002,904.7048557,1540.323129,13935.37814,1.038696566,0.040210425,564.2530114,252.4606234,1.049311201,0.115057553,115.6766239,511.0023359,1.067268157,0.001990615,69.2820323,17.20213141,11.91798624,1.019350889,0.001194369,5583.56782,0
256,1172.791317,677.1938498,7942.070673,1.040666964,0.069671529,449.1712208,314.0617706,1410.675089,1.049377572,0.09754014,400.7161234,136.4336123,1.04702393,0.16203607,81.87552203,80.28070889,1.019520788,0.000796246,0,0,0,0,0,3745.873171,0
257,662.997151,4098.235787,27171.18651,1.02831923,0.017915536,222.9952758,159.4250954,355.5104312,1.050875222,0.122223768,126.052299,43.30889555,1.037595016,0.162434193,0,0,1.009414489,0.000398123,0,0,0,0,0,6609.940608,0
258,880.8672582,1865.237228,16430.26403,1.038273861,0.033840457,545.1180216,276.1075787,1505.11217,1.044341051,0.076837743,381.9270214,109.8623519,1.041982759,0.142129919,0,0,1.008645268,0.000398123,0,41.28511539,0,1.107208356,0.000398123,6064.309285,0
259,892.4862659,1140.861357,10182.03093,1.040588277,0.05135787,494.4199475,136.4187006,674.4812677,1.043587899,0.106298847,385.0368115,192.9331226,1.05311445,0.137352443,0,0,1.008159591,0.000398123,98.24598853,38.00107212,37.33452895,1.045109461,0.008758706,4234.959425,0
260,837.4356819,2069.477122,17330.53985,1.040274012,0.033840457,321.972658,127.6183124,410.8960726,1.041776551,0.07643962,587.3758842,178.4690195,1.048646277,0.1106782,82.1156262,262.7368655,1.036638677,0.000796246,122.5651754,51.60639423,63.25146761,1.038398126,0.00398123,6755.565896,0
261,994.7757093,1213.261679,12069.23247,1.039576613,0.044191655,628.5271862,268.5006969,1687.599875,1.044114895,0.083605835,669.002484,205.639874,1.050108566,0.115057553,0,0,1.010582014,0.000398123,142.4477559,53.32660737,75.96255551,1.029255944,0.002388738,5292.161807,0
262,877.8852748,662.7533506,5818.214073,1.035189928,0.058125961,981.6073832,854.2783857,8385.659708,1.040613417,0.053348485,363.3844951,110.9090022,1.042023336,0.137750566,0,0,1.065732013,0.000398123,105.3689171,43.00532853,45.31424897,1.037224621,0.009554953,4704.60193,0
263,553.3171276,257.3660822,1424.050613,1.043089426,0.024683627,373.1324113,14948.16071,55776.43248,1.039601103,0.005573722,287.5418701,118.0534438,1.041415658,0.067282791,123.3835483,424.4920025,1.040036369,0.003583107,140.8126735,40.28165772,56.72167915,1.034435677,0.028664858,11573.21129,0
264,780.4106791,939.104051,7328.868302,1.037246779,0.031053596,1026.241465,939.5775743,9642.334668,1.03388523,0.048172886,469.1990121,189.559891,1.040518945,0.126204998,0,0,1.030519307,0.000398123,113.6656511,122.2426463,138.9478998,1.071948223,0.012739937,5338.195438,0
265,575.6766524,226.9185509,1306.317117,1.031818431,0.027470489,934.5674599,1635.97702,15289.30888,1.033019944,0.037821687,683.6030603,255.4956842,1.04618219,0.116650045,128.6303962,385.0127544,1.047646741,0.001990615,122.5510278,57.64037264,70.63886908,1.047658131,0.025877996,6632.577691,0
266,648.5538565,205.1023361,1330.19911,1.043455304,0.093160787,912.1065845,359.0084825,3274.540008,1.038301738,0.095549525,1051.15649,771.412381,1.044640394,0.059718453,70.71067812,29.19298505,1.031572578,0.000796246,95.4152383,32.32189955,30.84001748,1.033009805,0.015128675,4395.100094,0
267,727.4295897,3174.825373,23094.61918,1.037775489,0.021896766,485.7264733,152.9318631,742.8305454,1.041141566,0.069671529,821.1903752,242.1178811,1.04761111,0.080818973,0,0,1.021056132,0.000398123,115.2861443,49.54213846,57.11522123,1.034321515,0.00398123,8246.267528,0
268,538.1456384,7094.847079,38180.61011,1.053305156,0.011943691,345.6571158,142.6144588,492.957025,1.041279211,0.054542854,172.5094917,60.29624513,1.040330492,0.123418137,0,0,1.050954208,0.000398123,0,0,0,0,0,9570.815574,0
269,878.6816085,1571.522218,13808.6767,1.045781211,0.03821981,555.3478715,471.3384007,2617.567776,1.045841032,0.057329715,215.4191158,93.8826258,1.046000474,0.120233153,105.1563181,159.1843267,1.02880538,0.002388738,219.3325406,211.930259,464.8320213,1.057583584,0.005971845,5855.663054,0
270,1024.655859,988.4441622,10128.15102,1.045763807,0.056533469,864.549713,566.6049142,4898.58116,1.044908045,0.061709068,141.7917677,51.9623004,1.040217906,0.127001244,0,0,1.022753969,0.000398123,477.8411752,159.7217902,763.216479,1.039608438,0.015924921,5278.508101,0
271,875.4873588,1310.802414,11475.90943,1.039647488,0.04220104,621.0205169,461.431414,2865.583752,1.04654362,0.076041497,150.8213021,58.30277354,1.040751097,0.148499887,0,0,1.025982589,0.000398123,248.6389866,68.19416381,169.5572778,1.039908989,0.011147445,4716.324873,0
272,787.7222488,1362.895661,10735.83235,1.049539768,0.04220104,865.6857841,598.2372008,5178.854403,1.044982288,0.051755993,326.6802417,71.50559112,1.04149455,0.143722411,97.84172298,222.1673752,1.029978969,0.001592492,99.91663284,44.38149904,44.34449944,1.038981832,0.019906151,4919.426635,0
273,695.216525,3905.984767,27155.05156,1.035358904,0.019906151,308.1591467,153.7537604,473.8062759,1.045205488,0.061709068,544.6819941,121.5221835,1.042707525,0.103910109,34.13618944,51.08772384,1.021841369,0.000796246,47.14045208,15.48191827,7.298246263,1.028320168,0.000796246,8872.118634,0
274,223.4701256,46437.49779,103773.9346,1.056072695,0.001990615,257.1592887,132.474146,340.6695716,1.043370662,0.038617933,135.8925629,37.68085928,1.033057736,0.050163501,79.86895194,174.7621415,1.043014667,0.001990615,65.99943549,42.75958379,28.22108392,1.050272137,0.002786861,14976.8546,0
275,315.2632591,21796.47667,68716.28272,1.035206466,0.00398123,264.3953958,122.3009367,323.3580456,1.042553255,0.066088422,124.3017529,44.37674269,1.036380693,0.086392696,142.2579582,767.1784187,1.061220659,0.001592492,94.91675097,33.08880571,31.40681932,1.030908385,0.013536183,10468.74064,0
276,444.3151214,10384.23865,46138.74255,1.04115181,0.00796246,244.3638065,111.2214156,271.7848849,1.04013795,0.095947648,124.1048625,43.02533101,1.036275367,0.13695432,76.14996105,153.2631715,1.050535712,0.000796246,126.3573645,61.92767308,78.25017563,1.047656871,0.009554953,8215.955454,0
277,478.2165692,8904.253272,42581.61451,1.034196869,0.009554953,509.7863814,116.546498,594.1381747,1.038907728,0.083207712,100.4840684,34.23643715,1.030268165,0.081615219,0,0,1.07817426,0.000398123,225.0789122,456.5181028,1027.52598,1.064860623,0.005175599,9827.65981,0
278,517.9270215,2098.103493,10866.64493,1.047229372,0.027072365,633.6981177,252.149564,1597.867041,1.046404792,0.113863184,310.1315312,75.2430965,1.040200355,0.168804161,155.4185638,510.6443365,1.021081463,0.002388738,232.7000016,53.58280933,124.6871982,1.034613838,0.018711782,3276.259791,1
279,457.3468162,603.8272694,2761.584792,1.043036646,0.06330156,1056.002336,868.077699,9166.92078,1.044170968,0.056533469,193.9935609,67.14874154,1.042476735,0.16999853,142.092484,391.575832,1.038670966,0.00398123,83.01632023,59.34735337,49.26798892,1.035394907,0.003184984,4200.55629,1
280,654.7607224,642.6286242,4207.679822,1.044074754,0.063699684,915.4415533,899.9874303,8238.858912,1.043862792,0.058524084,128.7626146,47.20971654,1.036789568,0.13177872,0,0,1.040879486,0.000398123,80.81220356,144.4979039,116.7719402,1.067383502,0.000796246,4474.595109,0
281,395.6315123,497.9643084,1970.103724,1.05006979,0.082411466,964.4094352,638.4857775,6157.617081,1.045341784,0.071662144,133.3510999,72.0591353,1.049137618,0.173183515,0,0,0,0,184.3932549,260.980908,481.2311909,1.06090851,0.002786861,3038.261409,1
282,631.0573284,446.8193063,2819.685977,1.046515145,0.084800204,924.3955706,841.2193324,7776.194248,1.045193377,0.058524084,139.894244,59.82688181,1.041912078,0.179951606,81.85352772,168.9666168,1.021430751,0.001194369,233.5388714,669.4086566,1563.329421,1.068875012,0.002786861,3594.3174,1
283,784.3692451,762.6126364,5981.698979,1.046920198,0.060116576,1072.269909,516.1622402,5534.652381,1.045184874,0.083605835,128.846963,59.26411725,1.040974341,0.185127205,0,0,0,0,0,72.24895193,0,1.061278762,0.000398123,3786.220985,0
284,270.946742,230.9124976,625.6498891,1.04723695,0.098336386,662.9514411,3918.416174,25977.19649,1.029338142,0.017915536,127.0692888,48.67042928,1.039687592,0.13575995,0,0,1.033942306,0.000398123,98.79076568,41.28511539,40.7858816,1.040249246,0.010749322,6786.685096,0
285,789.9583998,595.4732815,4703.991206,1.044027041,0.063699684,773.1473072,2011.645917,15552.98624,1.046083441,0.028664858,99.10796084,40.59703013,1.032222163,0.101521371,0,0,1.001469714,0.000398123,203.8684058,98.05214904,199.8973531,1.028200222,0.002388738,6513.26281,0
286,489.1458285,680.7436325,3329.829081,1.049823034,0.044589778,760.0032958,2270.398571,17255.10397,1.038694548,0.029062981,156.7764934,59.29675886,1.041538876,0.060912822,0,0,1.003060967,0.000398123,50,20.64255769,10.32127885,1.010792859,0.001194369,8197.256313,0
287,837.7711248,514.8896651,4313.596939,1.043229266,0.066486545,926.2737846,1260.85792,11678.99637,1.043158728,0.046978517,176.5461337,69.88365886,1.039475878,0.07643962,0,0,1.031421274,0.000398123,226.5099986,375.9894437,851.6536835,1.022549589,0.002786861,6291.565624,0
288,860.2280678,330.764733,2845.331072,1.040273387,0.07643962,827.0215274,891.2642339,7370.947081,1.048859503,0.056533469,467.7622372,182.5383058,1.045116237,0.132973089,0,0,1.007719642,0.000398123,0,30.96383654,0,1.058052667,0.000398123,3768.43264,0
289,279.5692293,180.2320794,503.8734352,1.041880321,0.04737664,635.3908099,4640.39782,29484.66129,1.043897921,0.016721167,236.6405023,96.60026998,1.046553747,0.142926165,0,0,1.008645268,0.000398123,65.46536707,24.08298398,15.76601386,1.030384573,0.001194369,8352.080669,0
290,184.0233841,105.3525658,193.8733568,1.044580427,0.032646088,434.3983037,11560.91876,50220.43498,1.039174095,0.007564337,230.4365626,100.6208978,1.051381101,0.088781434,0,0,1.012911663,0.000398123,56.49210586,16.88936539,9.541158173,1.009201028,0.004379353,11941.09273,0
291,222.681604,41.77660486,93.0288138,1.024268227,0.02508175,264.41034,33141.62638,87629.88697,1.042624892,0.002786861,144.4621577,55.30577733,1.039621924,0.111076323,0,0,1.003060967,0.000398123,146.6513247,88.59097677,129.919841,1.039762542,0.004777476,12184.16264,0
292,280.7135773,76.29651226,214.1746689,1.036409355,0.060912822,721.4503037,3300.597528,23812.17089,1.039635932,0.022294889,701.2226352,205.0330234,1.050332243,0.100327002,105.2985577,406.7796192,1.025616611,0.002786861,57.06018078,24.94309055,14.23257256,1.030997795,0.004777476,8199.500598,0
293,281.6905243,86.03633188,242.3561944,1.03542675,0.053348485,552.2314259,6362.568992,35136.10547,1.039955165,0.012341814,278.8159034,124.5291388,1.045797843,0.134167458,12.85648693,21.89473879,1.035901987,0.000796246,48.98979486,17.20213141,8.427288889,1.007000531,0.002388738,8665.608126,0
294,303.0449851,78.82963307,238.8892498,1.032506081,0.05932033,940.5767604,1678.605486,15788.5731,1.036651991,0.03821981,437.9389563,268.9367852,1.05031753,0.112668815,50.70392952,120.3657609,1.032483068,0.003184984,160.6457021,69.66863221,111.9196634,1.030680872,0.001592492,6708.453499,0
295,335.4498876,166.4765494,558.4453978,1.045726203,0.123020014,866.7148917,656.8189648,5692.74778,1.044671583,0.07245839,695.34952,256.7626877,1.05336435,0.123020014,42.82895664,114.9328971,1.03490647,0.001194369,0,51.60639423,0,1.016963949,0.000398123,2946.769303,0
296,996.9430714,351.4009777,3503.2677,1.041461664,0.111872569,517.9172704,350.4894083,1815.245177,1.044158111,0.085198327,471.2866623,271.1879674,1.047424289,0.113066938,127.2792206,262.7368655,1.025973564,0.000796246,0,0,0,0,0,2428.934723,0
297,1163.797425,482.360809,5613.702677,1.038928271,0.084003958,916.484756,455.5201279,4174.772533,1.045937258,0.071264021,471.5177436,202.6017296,1.046350367,0.132176843,92.23131929,218.9473879,1.025483893,0.000796246,54.4331054,30.96383654,16.85457778,1.040477605,0.001592492,3715.394067,0
298,849.4583882,350.6717423,2978.81053,1.040067076,0.097938263,463.7384903,159.9946091,741.9565847,1.042535192,0.138944935,1089.106443,502.835261,1.048399627,0.084800204,0,0,1.008159591,0.000398123,149.5508014,37.19960918,55.63231362,1.028355331,0.019109905,3195.958455,0
299,772.5872215,2228.73461,17218.9188,1.037562725,0.031053596,367.6898383,120.4149199,442.7534242,1.040722517,0.096743894,329.4947195,148.7797966,1.053098095,0.128593736,0,0,0,0,0,20.64255769,0,1.056640337,0.000398123,6009.173357,0
300,443.4464499,560.789484,2486.801058,1.029067675,0.019109905,474.5328681,8234.585515,39075.81482,1.040405339,0.00915683,271.2498537,99.51789278,1.042512629,0.134565581,27.08068524,65.68421637,1.02329747,0.000796246,93.23602495,49.54213846,46.19112058,1.03508088,0.005971845,9118.508937,0
301,716.0636977,362.1048662,2592.901495,1.034036858,0.033442334,618.6338661,4384.331807,27122.96136,1.032970102,0.016721167,216.8989768,92.00025713,1.041893461,0.142926165,98.99494937,204.3508954,1.027326227,0.000796246,125.9740964,33.11410297,41.71519201,1.029001337,0.03821981,7350.772495,0
302,499.9535064,206.5330903,1032.569427,1.04535193,0.03821981,753.338114,3480.940268,26223.24976,1.029000825,0.023091135,345.7014918,151.7117009,1.050656463,0.074050882,96.99044433,263.6138943,1.049359531,0.001194369,86.68550261,32.55172559,28.21762694,1.02698057,0.005175599,10599.36903,0
303,296.1048711,184.0830439,545.0788598,1.04740057,0.033840457,785.0421552,3210.245381,25201.77952,1.02586778,0.02508175,323.1010751,144.8308483,1.044985586,0.086392696,85.19566175,375.1800241,1.042232323,0.001194369,84.69761533,29.81702778,25.25431149,1.024982956,0.007166214,10185.86105,0
304,446.5375242,77.44726025,345.8310785,1.033494753,0.054542854,536.9637134,2844.413386,15273.46774,1.042693046,0.02508175,346.6979886,178.9281322,1.04535039,0.105502601,275.6326119,1284.573211,1.027238387,0.005175599,307.7920203,143.5596058,441.865011,1.051240374,0.021896766,5312.790819,0
305,805.1755845,251.0464669,2021.364857,1.04034032,0.104706355,810.9982619,559.8830244,4540.641597,1.038137096,0.066486545,500.5069926,388.6305528,1.050645089,0.08957768,72.32738071,298.6044258,1.042665347,0.001194369,148.4481083,49.54213846,73.54436737,1.03565101,0.023887381,2733.311437,0
306,635.2509477,1485.58363,9437.184089,1.040142675,0.036229195,850.3271784,596.3006666,5070.506633,1.047262191,0.045784148,490.8182375,196.6246987,1.04316906,0.094753279,0,0,1.052099054,0.000398123,78.42444018,23.2228774,18.2124116,1.018378561,0.004777476,4973.639776,0
307,726.7726259,3065.600893,22279.94811,1.036120843,0.022693012,736.1637574,452.5265285,3331.336295,1.037280686,0.043395409,237.8910303,89.36803856,1.045227265,0.115455676,115.9155671,271.1832951,1.042222618,0.001194369,89.14060247,35.38724176,31.5444005,1.02040579,0.005573722,7897.25887,0
308,855.0842638,1506.094926,12878.38071,1.046256169,0.035432949,846.6075917,1018.163802,8619.852039,1.037753365,0.033840457,327.9558143,114.7508034,1.044067765,0.097938263,0,0,0,0,190.8196014,112.5510884,214.7695382,1.043477573,0.008360583,6912.184866,0
309,979.1143842,955.418041,9354.635469,1.040707049,0.046978517,875.7777873,998.078305,8740.948095,1.039556468,0.038617933,319.0209258,140.1746512,1.050936329,0.105502601,96.21752699,158.8940682,1.023180598,0.001194369,356.9308249,137.3797805,490.3507839,1.031284781,0.011545568,5888.71137,0
310,597.5873129,5380.562057,32153.55622,1.036480518,0.015526798,438.1936032,187.6943672,822.4647106,1.036618011,0.042997286,189.8520012,78.47264441,1.045428909,0.106298847,0,0,1.018629051,0.000398123,43.30127019,13.76170513,5.95899312,1.003208203,0.001194369,9836.580321,0
311,839.4754684,2214.533589,18590.46622,1.037845722,0.029859227,625.5442355,696.0338275,4353.999485,1.039348176,0.034636703,319.546886,88.81396736,1.044519767,0.096743894,18.85618083,29.19298505,1.029257024,0.000796246,137.8744484,50.81244971,70.05738473,1.038809339,0.020702397,7748.711729,0
312,644.1060222,4315.494707,27796.36129,1.031939326,0.01711929,380.1573015,217.2076272,825.730654,1.043338052,0.044589778,259.7165575,116.5296109,1.046722054,0.138546812,0,0,1.040081542,0.000398123,89.9321494,50.66809616,45.56690793,1.045298749,0.004379353,8042.523609,0
313,223.3718825,46658.37315,104221.6864,1.051596315,0.001990615,171.4223511,59.41969878,101.8586447,1.034562081,0.042599163,175.0281108,44.84417706,1.031988012,0.080818973,111.1167799,160.5614178,1.034167919,0.000796246,212.403287,68.91950714,146.3872985,1.040870879,0.012341814,12492.80501,0
314,359.4584178,16396.54236,58938.75176,1.036755422,0.005175599,363.6602251,198.2732625,721.0409926,1.049501541,0.054940977,87.35828829,36.48572072,1.036533884,0.079624604,87.82330051,177.6639597,1.050376781,0.001990615,85.25903072,34.60664084,29.50528654,1.037205382,0.027072365,10326.70972,0
315,449.0557588,9516.219097,42733.12987,1.040847513,0.008360583,254.8714408,104.0784441,265.2662301,1.04297515,0.123418137,124.2495494,37.7848556,1.032171746,0.137352443,74.21463804,122.5583958,1.058614233,0.002786861,206.8311384,72.86514768,150.7078144,1.048906246,0.026674242,7157.25532,0
316,641.647017,4745.330822,30448.27366,1.034131698,0.016721167,325.2706217,84.65533761,275.3589429,1.039128762,0.118242538,305.1011343,66.78795783,1.03622971,0.150490502,0,0,1.021984072,0.000398123,189.8168881,110.7191731,210.1636889,1.038781655,0.004379353,7311.060741,0
317,556.5514419,4562.799195,25394.32471,1.045462385,0.015526798,312.9045131,228.9398691,716.3631828,1.042561222,0.076837743,159.3021702,53.11348362,1.038055459,0.179951606,8.859342502,197.0526491,1.058167245,0.000796246,71.84224645,25.57882149,18.37639997,1.020426517,0.00915683,5983.87566,1
318,717.6098698,1471.170671,10557.26594,1.039691315,0.037025441,779.164217,537.3245407,4186.64055,1.039445874,0.066486545,152.7936588,52.31741566,1.040687752,0.17915536,0,0,1.077515761,0.000398123,0,20.64255769,0,1.009624609,0.000398123,4329.8755,1
319,379.8400882,733.15949,2784.833653,1.053179677,0.058922207,1004.167871,795.4358549,7987.511292,1.039978338,0.058922207,135.3620063,56.18838072,1.040529536,0.173979761,59.54583421,116.7719402,1.033516935,0.000796246,0,0,0,0,0,3801.983692,1
320,756.5178295,772.1946253,5841.790019,1.053027685,0.045386024,1039.333853,831.3882817,8640.899859,1.047300295,0.066486545,140.3488802,58.25957153,1.039082912,0.162434193,0,0,1.003060967,0.000398123,60.80051294,47.47788269,28.86679621,1.057623374,0.00398123,4836.101838,1
321,714.7215724,843.0247338,6025.279633,1.046313199,0.056931592,766.8600103,417.7448637,3203.518304,1.049578963,0.092364541,161.3830448,64.0653438,1.042110811,0.190302804,0,0,0,0,164.9770773,280.551125,462.8450465,1.076749746,0.004379353,2968.543866,1
322,824.9111812,832.872051,6870.454674,1.04465617,0.052154116,780.2458358,806.4640057,6292.401821,1.039536971,0.058524084,125.0570647,59.55799171,1.04375852,0.156064225,0,0,1.035840877,0.000398123,0,10.32127885,0,1,0.000796246,4228.146942,0
323,496.8521134,473.2955294,2351.57884,1.04713506,0.066486545,767.0723532,2051.595001,15737.21805,1.036295567,0.029859227,109.0031135,45.10781126,1.037087763,0.161239824,0,0,0,0,0,0,0,0,0,5494.464603,0
324,397.3247647,357.621332,1420.918116,1.048214429,0.074847128,830.3551352,2236.139466,18567.89889,1.034413603,0.029859227,210.2573321,57.0946933,1.037764715,0.100327002,0,0,1.026823542,0.000398123,192.8942715,152.0042885,293.2075649,1.038366121,0.004379353,7054.275905,0
325,262.0376756,176.3003443,461.9733242,1.046548729,0.063699684,569.5393838,5819.987001,33147.1181,1.037655138,0.013536183,188.7178128,88.933726,1.049099748,0.105900724,117.8511302,583.859701,1.022239392,0.000796246,96.70616426,40.34681731,39.01785942,1.028731172,0.004379353,8892.692421,0
326,309.2361812,180.6672549,558.6885198,1.042109164,0.091568295,831.3894724,2172.221778,18059.62318,1.04529499,0.03025735,269.7635151,135.3687484,1.048128633,0.130982474,0,0,0,0,0,0,0,0,0,6260.54414,0
327,247.0465451,161.1839713,398.1994324,1.040595933,0.071662144,675.3380104,3849.83701,25999.41267,1.038968791,0.018711782,453.3435959,175.5940645,1.051225512,0.093160787,0,0,1,0.000398123,43.30127019,13.76170513,5.95899312,1.003208203,0.001194369,8284.209005,0
328,133.6391256,70.84945649,94.68259411,1.037500368,0.023489258,244.6016155,37842.96889,92564.51325,1.069526481,0.002388738,250.1371326,97.5544224,1.047643686,0.078430235,0,0,1.021224382,0.000398123,103.2795559,30.96383654,31.97931287,1.031136031,0.002388738,13823.73178,0
329,235.9365145,107.7590661,254.2429845,1.042096252,0.033442334,299.7397851,25285.98637,75792.1612,1.03506409,0.003583107,248.5769854,104.5493569,1.042407296,0.0553391,0,0,0,0,0,10.32127885,0,1,0.000796246,14860.9587,0
330,141.9117289,56.76703366,80.5590789,1.032764957,0.027868612,199.9540093,59845.35507,119663.1868,1.036077415,0.001592492,192.5094404,78.46658979,1.039030325,0.033044211,0,0,1.016453434,0.000398123,157.8778781,81.83299657,129.1961985,1.034739563,0.005573722,18244.64801,0
331,143.3584994,65.41192645,93.77355616,1.03626914,0.062505314,373.0434524,14819.88196,55284.59929,1.038620061,0.005573722,346.0590923,128.2418897,1.042292488,0.095549525,30.69680187,39.07573105,1.03104609,0.001194369,172.8748515,103.2127885,178.4289548,1.04291208,0.008758706,9909.608456,0
332,198.2352647,90.52621655,179.454885,1.041487542,0.057329715,659.7170847,4408.7916,29085.55141,1.028367033,0.017915536,323.0526832,149.0158976,1.046862873,0.105502601,0,0,0,0,88.94442709,25.80319712,22.95050585,1.030394088,0.00398123,9063.517751,0
333,373.2647667,104.8661972,391.4285663,1.040162885,0.082013343,670.6076711,4222.300551,28315.07139,1.038051758,0.018313659,307.7083317,129.8569787,1.047313125,0.107493216,0,0,0,0,69.18556157,24.08298398,16.66194771,1.019676966,0.004777476,8316.168724,0
334,759.7901387,343.0596493,2606.533385,1.039877537,0.083605835,1064.84779,834.6161395,8887.391513,1.040608347,0.061310945,410.903901,156.7424024,1.048145612,0.128195613,0,0,1.014716284,0.000398123,0,0,0,0,0,4466.591862,0
335,250.0480075,106.4499168,266.175896,1.040525088,0.087587065,1097.595187,1031.769507,11324.65245,1.040166267,0.057329715,662.521278,282.4478996,1.045041359,0.111076323,0,0,1.011950959,0.000398123,84.40971508,27.52341026,23.23243218,1.025049613,0.002388738,5468.701931,0
336,299.7353622,116.6434065,349.6215371,1.037933881,0.095151402,802.1254571,1338.355741,10735.2921,1.041683576,0.045784148,497.6259595,237.2460624,1.045800806,0.11465943,68.89758381,138.666679,1.037935668,0.000796246,116.7426452,38.85657919,45.36219839,1.040447222,0.006768091,4555.612186,0
337,320.5746047,127.2097618,407.802191,1.036909826,0.079624604,957.306494,1796.418583,17197.23176,1.035733533,0.039812302,368.7746063,139.2851368,1.046912775,0.118242538,32.28250383,312.0942647,1.064426729,0.001194369,92.50240283,43.496818,40.2356018,1.045111406,0.016721167,6798.470185,0
338,627.1216108,526.9694445,3304.739269,1.042090788,0.084402081,712.1886222,373.8966498,2662.849399,1.048500101,0.098734509,445.2829119,136.519492,1.043415036,0.129788105,72.4353288,153.2631715,1.059858051,0.000796246,102.7054693,56.44449369,57.97158216,1.049944604,0.012739937,2264.260594,0
339,985.801118,521.3432171,5139.407263,1.042982941,0.069273406,1049.788723,872.6497914,9160.979097,1.041940062,0.057329715,218.6964481,95.84044643,1.048663235,0.142129919,37.21614638,36.49123131,1.019567314,0.000796246,82.50145398,49.02607452,40.44722431,1.040409964,0.003184984,4934.426913,0
340,427.5790326,349.0277357,1492.369416,1.044041816,0.039016056,709.8098292,3325.745406,23606.46779,1.037171327,0.021498643,201.0404479,98.63858534,1.049113167,0.140139304,148.397639,438.0528759,1.037723003,0.001990615,81.77612484,26.97606971,22.05998444,1.031287988,0.017517413,7404.549957,0
341,524.9942322,439.6556691,2308.166904,1.041792873,0.026674242,560.8236522,5863.424683,32883.47245,1.044630205,0.01313806,212.6345522,82.70559181,1.046293988,0.121427522,77.64309754,817.4035815,1.0877236,0.000796246,62.00365515,28.96616967,17.96008395,1.029470204,0.012341814,9072.779802,0
342,252.8056942,178.5796267,451.459465,1.048054773,0.03821981,696.0619842,3944.347544,27455.10377,1.040096938,0.020304274,501.7710836,154.5200152,1.041866579,0.082411466,79.33393155,167.859664,1.023089076,0.000796246,98.39989676,30.96383654,30.46838319,1.022320977,0.005971845,10195.90271,0
343,935.980033,198.8646401,1861.333324,1.035386443,0.06847716,592.2755108,1221.759516,7236.182416,1.042436245,0.046978517,660.3057648,260.8723231,1.043378932,0.10271574,23.56060357,21.27786144,1.002695152,0.001592492,201.713646,285.5553814,576.0041711,1.076612306,0.007166214,3649.483559,0
344,1113.096047,349.3697399,3888.820765,1.039028547,0.074050882,718.0048844,611.5211936,4390.752039,1.041321962,0.070467775,377.508436,266.676508,1.051557553,0.110280077,17.62529113,15.76601386,1.017523786,0.001194369,272.7162552,119.3397867,325.4589971,1.0348166,0.012739937,3102.934312,0
345,772.8966153,2369.399384,18313.00764,1.034287938,0.024683627,865.9493076,329.1124764,2849.947211,1.038784531,0.06330156,579.3264794,191.1562693,1.046709469,0.106298847,0,0,0,0,159.3226513,113.5340673,180.8854861,1.039544077,0.003184984,6714.231491,0
346,802.2958407,2228.349145,17877.9525,1.035717648,0.027470489,516.7336808,664.2547808,3432.428179,1.042507476,0.043395409,195.785039,75.0490465,1.042589717,0.126204998,101.0152545,72.98246263,1.029055026,0.000796246,190.6480706,108.3734279,206.6118493,1.058595772,0.00398123,6783.2117,0
347,558.3075698,490.0742161,2736.121446,1.044477713,0.066088422,779.2965323,1967.821134,15335.16186,1.032255226,0.026674242,379.8727961,117.2202383,1.046201113,0.122621891,42.306055,67.68115153,1.041410852,0.001592492,118.3105905,49.54213846,58.61359658,1.030783737,0.009953076,5467.635566,0
348,503.2257939,428.3975801,2155.807124,1.041980255,0.063699684,694.6694211,1331.739865,9251.18961,1.040340389,0.041802917,226.9502908,91.36243127,1.044455022,0.150490502,142.1257349,322.722255,1.043773045,0.002786861,293.6073885,125.9974984,369.9379646,1.042115242,0.02110052,3735.158478,0
349,905.3144236,827.9397878,7495.458317,1.040247389,0.056931592,552.4204045,417.4453816,2306.053466,1.041658006,0.065292176,532.8691841,224.9890281,1.048162994,0.1106782,40.95582815,69.74822625,1.030179337,0.001592492,104.2104156,43.76222231,45.60479376,1.033046899,0.009953076,3891.040735,0
350,545.1762234,6889.797673,37561.53875,1.031067254,0.011943691,378.4061186,89.17584923,337.4468698,1.038390986,0.059718453,431.5152651,110.5005732,1.044721721,0.111076323,0,0,0,0,71.31914016,46.44575481,33.12471297,1.046430849,0.002388738,9546.663845,0
351,781.9582145,668.0498328,5223.870545,1.039901025,0.060912822,1014.508133,523.2633529,5308.54927,1.03766572,0.06449593,404.5046569,190.6720461,1.045498646,0.121029399,0,0,1.103455186,0.000398123,284.480598,158.0785339,449.7027586,1.057477789,0.015128675,3680.863032,0
352,736.9076211,3199.421506,23576.7809,1.038374576,0.023489258,430.1365355,191.8754408,825.3263735,1.038452404,0.057329715,671.8299514,103.8987949,1.039786375,0.13177872,98.99494937,102.1754477,1.037469558,0.000796246,155.5555556,46.44575481,72.24895193,1.018164305,0.001592492,7823.941507,0
353,263.802837,30049.66613,79271.87176,1.056689171,0.002786861,278.5758478,146.516031,408.1582755,1.043325567,0.071264021,120.2430188,41.4231927,1.033626686,0.119038784,105.8088836,404.070707,1.040770259,0.001592492,95.37705192,30.06633403,28.67638302,1.022734285,0.00915683,9272.741811,0
354,629.7450006,3901.882607,24571.91065,1.033039799,0.018711782,309.8231018,133.7348582,414.3414859,1.039077706,0.102317617,195.9019573,70.31371214,1.043778697,0.171989145,37.35658467,204.3508954,1.093623214,0.000796246,120.835914,50.01850518,60.4403179,1.04975748,0.015526798,6056.853006,0
355,706.5102665,2532.052555,17889.21125,1.038881379,0.027072365,654.9129899,186.0973729,1218.775869,1.04061705,0.078430235,254.8158625,108.3871896,1.046133556,0.149296133,128.6997076,385.2202153,1.043383485,0.001194369,77.75550378,24.08298398,18.72584551,1.024631342,0.01313806,5723.988759,0
356,299.7003666,24542.85429,73555.02429,1.039371594,0.003583107,116.874267,55.92692956,65.36418899,1.041791078,0.01711929,317.8570679,76.45089549,1.039600366,0.100725125,296.9193814,1268.73932,1.041253236,0.00796246,0,0,0,0,0,12242.49359,2
357,532.9947112,6179.954686,32938.83163,1.036338072,0.011545568,467.4151974,203.5336244,951.3470922,1.040141231,0.082411466,193.7681808,62.95751243,1.040357321,0.179553483,86.34967759,181.8127766,1.057183363,0.001990615,19.11099409,190.9436587,36.49123131,1.062088133,0.000796246,6752.654396,1
358,411.643336,4330.034508,17824.2985,1.041158042,0.015924921,877.5999809,379.2258555,3328.086035,1.03863795,0.06330156,126.1447141,46.40511985,1.038597516,0.151684871,0,0,0,0,0,0,0,0,0,5056.969304,1
359,729.8309228,2603.500289,19001.15018,1.042476613,0.024285504,557.6603544,332.089807,1851.933195,1.045029837,0.077235866,113.888382,45.81383978,1.03477946,0.195080281,0,0,0,0,166.3766391,1830.306782,3045.20291,1.073502995,0.001194369,5513.282333,1
360,622.2904554,1394.280009,8676.471421,1.036059928,0.036229195,672.9491953,579.5005743,3899.744452,1.040956668,0.068079037,120.1984388,54.43750096,1.039593823,0.184330959,0,0,0,0,0,0,0,0,0,3624.525988,1
361,816.6132075,1357.514181,11085.64009,1.043373597,0.038617933,892.6775297,493.4580979,4404.989558,1.04812121,0.073254636,127.9486133,51.11127754,1.040050424,0.215782678,43.51426346,116.7719402,1.032363683,0.000796246,67.82329983,51.60639423,35.00115949,1.048099721,0.003583107,4313.680251,1
362,437.0521129,469.2566141,2050.895947,1.045076397,0.062505314,779.4154068,2496.161592,19455.46803,1.044394292,0.025877996,155.7863304,41.6317255,1.030753656,0.10669697,144.1264853,664.4477741,1.043383452,0.001194369,168.266739,904.8321122,1522.531488,1.033829981,0.001194369,7135.586586,1
363,259.127461,151.4597076,392.4736947,1.042001627,0.101521371,507.9043582,7692.131547,39068.67136,1.020843341,0.010351199,117.2933229,47.31598028,1.036672423,0.101521371,64.81812161,160.5614178,1.026847467,0.000796246,0,0,0,0,0,8590.261869,1
364,561.4126909,322.4220813,1810.118483,1.04214145,0.078430235,825.4700796,2113.660291,17447.63329,1.037578799,0.029859227,153.4919587,64.54822049,1.040020629,0.178757237,0,0,1.014716284,0.000398123,0,20.64255769,0,1.009624609,0.000398123,5698.306539,0
365,321.5703961,212.1784209,682.3029884,1.047985866,0.072856513,824.0908907,2432.914405,20049.42599,1.032988021,0.028266735,351.5425612,130.4977533,1.049815093,0.120631276,0,0,0,0,60.60915267,36.12447596,21.89473879,1.027154835,0.000796246,7160.179821,0
366,969.9718852,829.4092459,8045.036499,1.046683596,0.056533469,831.1563374,1212.345508,10076.48652,1.04412599,0.040608548,213.1358356,91.05875917,1.045864349,0.042599163,0,0,0,0,0,0,0,0,0,7455.337217,0
367,714.9822479,389.5184756,2784.987953,1.042969286,0.074847128,722.9841743,3254.643263,23530.55572,1.028626384,0.021498643,87.42660078,48.24597786,1.038264108,0.01711929,0,0,1.003060967,0.000796246,0,0,0,0,0,10440.75857,0
368,262.1869264,272.2237296,713.7350296,1.049041238,0.063699684,460.7060283,9276.483938,42737.32072,1.041402104,0.008758706,167.016504,52.83878574,1.030669113,0.026674242,0,0,0,0,0,0,0,0,0,12714.19683,0
369,219.9345295,104.1926567,229.1556293,1.040031089,0.062903437,264.3349793,32217.13469,85161.15632,1.041481305,0.002786861,148.3036325,59.04575756,1.038338061,0.061310945,0,0,1,0.000398123,0,10.32127885,0,1,0.000398123,12574.18933,0
370,235.4667227,60.75922642,143.0677592,1.030409239,0.04220104,345.8317433,19104.68715,66070.07261,1.038211721,0.004777476,181.513954,73.83291056,1.044890872,0.08042085,28.28427125,72.98246263,1.020327643,0.000796246,69.2820323,17.20213141,11.91798624,1.007584656,0.001194369,12694.28451,0
371,335.7303557,77.30637856,259.5409798,1.036618706,0.079624604,282.573468,26330.8725,74404.05958,1.046167821,0.003184984,184.1366908,86.65826671,1.045803332,0.101521371,122.5651754,1707.789626,1.048688382,0.000796246,61.72133998,23.2228774,14.33347112,1.025024827,0.003184984,9676.403139,0
372,143.962659,75.44854837,108.6177364,1.042465573,0.079624604,359.4592974,16689.50789,59991.98781,1.032034291,0.005175599,446.0403314,120.9355107,1.033621219,0.060514699,62.85393611,175.1579103,1.004895676,0.000796246,63.07180136,18.57830192,11.71766968,1.008964593,0.00398123,11143.64227,0
373,159.7820239,40.2529875,64.31703812,1.019521834,0.00796246,141.3977309,123566.3504,174720.0155,1.045618833,0.000796246,90.96442189,38.99149786,1.029029403,0.028664858,0,0,1,0.000398123,92.48631795,37.8446891,35.00115949,1.035501944,0.003583107,24227.49569,0
374,222.3266575,108.1868988,240.5283158,1.041059048,0.033044211,599.4963025,5656.339761,33909.54773,1.036762913,0.014730552,385.3304631,135.9621627,1.046336549,0.094355156,0,0,1.07849938,0.000398123,85.01666833,23.2228774,19.74331666,1.02242373,0.004777476,10729.89271,0
375,1017.100344,497.7150022,5062.260999,1.040262857,0.078828358,857.363415,356.4343899,3055.938057,1.04166221,0.087985188,489.8316826,274.7462809,1.052711081,0.10669697,0,0,1.033649239,0.000398123,0,0,0,0,0,3324.346808,0
376,493.8745685,151.115665,746.3218384,1.041953433,0.067680914,775.6425484,2676.436621,20759.58121,1.042098803,0.025479873,339.0665267,144.2166701,1.048370328,0.146111149,0,0,1.03927169,0.000398123,65.73839859,24.32872871,15.99331665,1.02912395,0.005573722,6711.301267,0
377,361.9473689,106.1099895,384.0623153,1.042312688,0.068079037,1008.605295,1549.445814,15627.79253,1.029359265,0.042599163,493.1261171,250.575534,1.046137697,0.104706355,81.61673705,128.464338,1.037790927,0.001592492,74.01432863,22.97316905,17.00343683,1.027351801,0.012341814,6786.076331,0
378,346.4236674,161.4412421,559.2706717,1.042814707,0.089975803,1077.121622,1187.427127,12790.03432,1.0383979,0.05135787,426.1331178,184.9638701,1.04946477,0.125408752,45.82575695,63.06405544,1.047810838,0.001194369,110.8106249,48.10765564,53.30839383,1.043506968,0.023489258,5400.138893,0
379,912.6667322,438.1654483,3998.990279,1.043578476,0.075643374,925.1979281,574.8041616,5318.076194,1.042119784,0.081217096,267.6482685,139.6255683,1.048451223,0.142528042,0,0,1.048481,0.000398123,61.39903313,22.8154585,14.00847093,1.028098261,0.007564337,3386.62455,0
380,362.1763003,173.015215,626.6201048,1.03771192,0.053746608,861.1551271,2160.671618,18606.73442,1.047351522,0.032646088,527.5775424,154.3260158,1.046753164,0.116650045,149.9863669,369.9842166,1.030144008,0.00398123,151.2748049,42.31724327,64.01532719,1.035822952,0.027868612,6965.643446,0
381,319.3612351,71.64181788,228.7961944,1.034705419,0.04737664,653.8984128,4354.432865,28473.56739,1.04112614,0.017915536,338.0109606,130.4427506,1.050757736,0.135361827,103.6219089,427.8042465,1.032682854,0.001592492,141.7355875,87.7308702,124.3458643,1.043945161,0.003184984,8416.764803,0
382,315.764293,87.84067103,277.3694738,1.039928783,0.037423564,610.9193206,5137.28074,31384.64059,1.032319089,0.015128675,350.6684571,160.964677,1.048796772,0.104308232,106.0660172,919.5790291,1.047211574,0.000796246,279.6959262,111.7126652,312.4557735,1.037188288,0.013536183,9337.597215,0
383,72.68845051,36.76955589,26.72722044,1.022907558,0.012739937,614.6412965,5104.646486,31375.26534,1.033736044,0.015924921,486.9178248,172.6210214,1.042336622,0.086790819,178.7239555,920.2802687,1.04304435,0.003583107,420.6330416,62.28982321,262.011578,1.02758998,0.022693012,10539.00248,0
384,676.6813018,280.6547742,1899.13838,1.045420589,0.06847716,688.2942035,818.031087,5630.460554,1.039478246,0.058922207,397.1642761,224.3609139,1.050197494,0.121427522,268.5954988,1935.02983,1.03861042,0.00398123,257.622391,105.1370947,270.8566972,1.041553583,0.023489258,2842.464865,0
385,625.5007384,688.3310012,4305.515495,1.039696517,0.050163501,1025.914739,765.2597107,7850.912161,1.038452704,0.0553391,578.6179812,168.5481219,1.047897874,0.125408752,112.6372948,509.2016863,1.040119808,0.00398123,94.79579836,21.11170673,20.01301094,1.013524862,0.008758706,4276.275007,0
386,832.7619987,673.1471475,5605.713639,1.041706685,0.061709068,924.2140603,372.7297121,3444.820406,1.047261803,0.081217096,698.567194,204.540553,1.051064323,0.132973089,144.7283411,543.7364899,1.03613547,0.001990615,98.88393769,38.05971575,37.6349456,1.02386016,0.006369968,3340.061887,0
387,948.9337463,857.2093695,8134.348984,1.037570629,0.052950362,640.4628735,413.1583348,2646.125743,1.04930222,0.066884668,428.8273071,188.4444811,1.054856507,0.126603121,136.9332345,713.7296789,1.057494533,0.002388738,306.9769906,142.6213077,437.8145983,1.040634788,0.01313806,3933.091004,0
388,312.3779641,244.3502759,763.2964172,1.044898681,0.06847716,749.1540696,2135.689883,15999.60768,1.04735338,0.03025735,257.3982373,133.257607,1.052875329,0.116251922,71.83744622,60.79925375,1.024965874,0.001990615,581.4409123,101.3995908,589.578706,1.033724545,0.029461104,5634.396478,0
389,742.2063965,725.630778,5385.67805,1.041310241,0.054940977,537.8596925,434.3710203,2336.306634,1.046753256,0.079624604,621.8315161,189.3907611,1.048123693,0.130982474,123.7179148,89.38489681,1.046701405,0.001194369,234.1341426,78.14682555,182.9684,1.036669494,0.008360583,2835.236782,0
390,616.9020469,641.8545283,3959.613723,1.038786562,0.044589778,1157.838024,514.0749459,5952.155193,1.037472422,0.07643962,698.1179298,371.8595346,1.046239248,0.084003958,26.75539172,51.08772384,1.027352686,0.000796246,152.3109407,58.14320417,88.55846125,1.037081158,0.011943691,4265.345871,0
391,530.3836486,1897.847782,10065.87431,1.040870389,0.022693012,983.0708038,761.7442191,7488.485018,1.040549575,0.048571009,556.127438,159.8838995,1.043575756,0.107095093,81.37146424,176.3700902,1.038306605,0.001194369,242.3177282,194.2277019,470.6481548,1.051415367,0.01313806,5154.431892,0
392,416.9948657,12085.07072,50394.12442,1.044751792,0.007166214,295.9999967,138.9325084,411.2402203,1.042293028,0.040608548,150.3502357,59.9821285,1.041133111,0.124612506,97.22718241,321.1228356,1.044052152,0.000796246,70.71067812,20.64255769,14.59649253,1.011376984,0.000796246,10235.77514,0
393,0,232899.6572,0,1.19061585,0.000398123,93.02547254,47.09992037,43.81492349,1.03567328,0.028266735,146.1002693,41.16881929,1.033145654,0.141333673,0,0,0,0,121.4377964,53.32660737,64.7586569,1.022484473,0.002388738,11190.55866,0
394,644.4199347,4194.999777,27033.41482,1.031017603,0.01711929,510.6196211,194.6098143,993.7158963,1.03788584,0.087985188,173.4968889,63.25786176,1.041321248,0.166813546,98.27585772,299.2280968,1.04335727,0.000796246,138.7742196,39.46371324,54.76546007,1.035638106,0.006768091,6713.342736,0
395,794.4361961,1845.51503,14661.4394,1.043160305,0.035034826,442.2861231,273.39818,1209.202211,1.049213631,0.088781434,196.9942828,56.85376709,1.040481085,0.189506558,0,0,1.072730616,0.000398123,71.42628568,32.2539964,23.03783161,1.049409783,0.003184984,4923.414125,0
396,477.521478,9384.286228,44811.98229,1.041927887,0.00915683,265.9948348,117.6481435,312.937985,1.038021421,0.056931592,245.4008642,63.02719076,1.041291323,0.115853799,8.318903308,7.298246263,1.026854955,0.000796246,0,0,0,0,0,10031.66771,0
397,728.1182231,937.8057027,6828.334219,1.040887343,0.040210425,396.6917604,118.3325566,469.4155019,1.038742445,0.045386024,632.7761084,493.9560179,1.044576941,0.06449593,652.7863548,2827.929153,1.046591307,0.057727838,38.71709967,33.54415625,12.98732441,1.047643501,0.001592492,3766.832082,2
398,434.7938162,10944.90138,47587.75438,1.020132449,0.007564337,94.70885318,63.21783294,59.87288458,1.046666311,0.015924921,1087.540442,136.5419181,1.032018506,0.095549525,186.4663445,194.4829781,1.052097316,0.03025735,0,0,0,0,0,10773.05178,2
399,467.1258621,3645.934412,17031.10255,1.050663026,0.017915536,616.8972058,283.1793964,1746.925784,1.043634188,0.072060267,469.7163981,79.72636297,1.037314051,0.167609792,189.2063484,1083.832572,1.041620865,0.001592492,0,0,0,0,0,4623.36532,1
400,729.5381076,2803.725457,20454.24564,1.046341791,0.024683627,348.2522412,195.6056856,681.2011839,1.047035683,0.082411466,260.0814647,90.29768038,1.043508081,0.152082994,347.2482906,468.0342993,1.01924016,0.006768091,60.60915267,36.12447596,21.89473879,1.036802143,0.000796246,6239.56366,2
401,736.6338416,2808.309389,20686.95734,1.030598497,0.022294889,361.0869953,267.5072435,965.9338679,1.046106807,0.072856513,384.4109838,91.18385278,1.042295606,0.163628562,170.9764004,1275.874561,1.038952002,0.00398123,0,20.64255769,0,1.009624609,0.000398123,6047.837292,1
402,567.8930395,5750.828914,32658.55711,1.036565618,0.01313806,419.8496084,198.2340858,832.2850329,1.038175231,0.075245251,136.1295289,56.31775446,1.040849196,0.169202284,0,0,0,0,0,0,0,0,0,7388.590707,1
403,518.8665974,6514.862389,33803.4448,1.041320578,0.011545568,404.9004172,205.4103692,831.7074417,1.043739013,0.072856513,143.4655582,50.63148904,1.039366467,0.193885912,0,0,0,0,0,0,0,0,0,6904.264702,1
404,837.5847371,2108.706077,17662.20025,1.032049757,0.029859227,485.8332341,351.7741356,1709.03566,1.042635212,0.07245839,131.5480766,54.00892655,1.040250271,0.213792063,0,0,0,0,0,0,0,0,0,5489.189561,2
405,458.7406772,472.9608744,2169.663918,1.049653724,0.070069652,839.9159055,1814.062744,15236.60152,1.040218877,0.031451719,140.7785747,52.43120485,1.036368929,0.184330959,91.50793639,160.5614178,1.01535742,0.000796246,0,0,0,0,0,5160.485954,1
406,262.5234294,155.5949651,408.4732384,1.044967524,0.121825645,570.2037078,5663.254427,32292.08672,1.038014627,0.01313806,122.0851745,49.64043636,1.037028113,0.133769335,0,0,0,0,0,0,0,0,0,7143.526748,1
407,868.0347008,915.0179412,7942.673248,1.042209417,0.050561624,611.0915237,1080.131568,6600.592459,1.04972532,0.04220104,176.0003976,59.19733478,1.037915554,0.13695432,0,0,1,0.000398123,0,72.24895193,0,1.018629051,0.000398123,4678.123189,2
408,580.2983357,2048.331511,11886.43367,1.038293382,0.027868612,785.6765341,1015.847929,7981.278803,1.041509655,0.038617933,173.5238263,58.27222015,1.03729868,0.057329715,0,0,1.014716284,0.000398123,0,732.8107981,0,1.059637243,0.000398123,7174.303209,2
409,658.7665387,676.0124878,4453.344067,1.043817995,0.065690299,810.5566654,1809.89987,14670.26403,1.035435833,0.029062981,115.5542427,53.84667181,1.040480188,0.05135787,51.55435229,73.16469128,1.014243645,0.001592492,0,0,0,0,0,7145.880398,0
410,435.3101208,409.5483446,1782.805394,1.044705475,0.079624604,763.388957,2767.822944,21129.2547,1.033296011,0.023887381,113.8770416,36.96133641,1.031620593,0.029461104,12.27615355,12.98732441,1.00769533,0.001592492,0,20.64255769,0,1.009624609,0.000796246,8970.731121,0
411,425.6964823,379.091971,1613.781185,1.050195222,0.057329715,465.5777579,8849.558313,41201.57517,1.040444844,0.008758706,57.52822218,32.89907632,1.032154329,0.006369968,57.20775535,129.9005829,1.015197537,0.002388738,0,10.32127885,0,1,0.000398123,14110.43068,0
412,645.6865943,2193.645714,14164.0763,1.041194927,0.027470489,650.9920037,1384.397619,9012.3178,1.043529734,0.027470489,281.2558216,93.8298077,1.03996355,0.017517413,0,0,0,0,83.85254916,33.02809231,27.69489734,1.043824742,0.001990615,10185.27357,0
413,778.6485382,540.2544396,4206.683297,1.039263139,0.03821981,338.6203059,15642.7582,52969.55566,1.039439406,0.004777476,267.1121966,65.17150357,1.042390934,0.069671529,0,0,1.014716284,0.000398123,0,30.96383654,0,1.040403318,0.000796246,11128.35157,0
414,260.5004494,148.4955823,386.8316591,1.044318669,0.056533469,384.4266625,14403.68867,55371.61965,1.032803073,0.005971845,179.5432347,65.35081079,1.036589931,0.079226481,111.4988789,383.6036735,1.026691031,0.001194369,0,0,0,0,0,11321.72193,0
415,537.4570992,182.6782443,981.8171926,1.035539018,0.048969132,398.0239036,12672.59518,50439.95804,1.044070858,0.006369968,323.0663244,117.8502385,1.040086084,0.087587065,0,0,0,0,0,20.64255769,0,1.009624609,0.000398123,10649.33774,0
416,139.2194426,77.73213131,108.21824,1.028331505,0.012739937,244.5968232,38763.28292,94813.7586,1.044421078,0.002388738,539.8920669,86.97769579,1.035378488,0.073652759,0,0,0,0,0,10.32127885,0,1,0.000796246,15487.02275,0
417,112.6794865,47.6366716,53.67675692,1.037857274,0.010351199,173.1830155,81018.59852,140310.452,1.03918189,0.001194369,137.1909485,59.95724712,1.039345574,0.043793532,0,0,1.008159591,0.000398123,28.28427125,51.60639423,14.59649253,1.077908289,0.000796246,20390.35529,0
418,321.785635,122.8996722,395.4734906,1.034841073,0.042997286,579.0552094,5777.184051,33453.0852,1.032558015,0.013536183,402.749635,139.3901037,1.049001585,0.116650045,96.90520622,102.0189368,1.006218263,0.001990615,31.49183286,37.8446891,11.91798624,1.020823962,0.001194369,9276.929007,0
419,238.4239528,97.70293284,232.9471945,1.037896588,0.052950362,638.2044944,4478.95496,28584.89186,1.047897325,0.01711929,435.7280814,118.9575811,1.043926903,0.148499887,106.0660172,569.2632085,1.053498247,0.000796246,76.37626158,20.64255769,15.76601386,1.012091604,0.002786861,7947.556154,0
420,189.1731223,69.89497605,132.2225085,1.040197852,0.113465061,1148.147063,863.108726,9909.757489,1.036925177,0.062505314,836.8110753,285.6652992,1.046058836,0.124612506,146.9807089,3054.284816,1.050752471,0.001194369,55.07570547,14.74468407,8.120738769,1.004625511,0.002786861,4744.879201,0
421,463.2544844,247.6404795,1147.205627,1.039994823,0.117048168,886.1796046,486.7898727,4313.832569,1.041393534,0.089975803,497.9571378,170.9532697,1.050615322,0.14491678,122.5651754,853.8948128,1.03091747,0.000796246,225.8474356,163.3609307,368.9464728,1.073695242,0.011545568,2304.804292,0
422,826.4886425,1141.952742,9438.109719,1.04131924,0.050959747,769.8074291,222.6069225,1713.644627,1.039727629,0.108687585,265.6701891,97.20202051,1.046122269,0.171591022,0,0,0,0,262.4793939,195.2441915,512.4757705,1.043862149,0.004777476,3812.546157,0
423,826.1336902,1200.86659,9920.763477,1.045250166,0.043395409,522.5300532,229.160765,1197.433868,1.047904387,0.115853799,243.4162278,114.7639393,1.049670168,0.170396653,20.20305089,21.89473879,1.02986587,0.000796246,274.5483946,85.25376327,234.0628384,1.042499093,0.019906151,3567.67007,0
424,659.3752306,663.0506652,4371.991853,1.043064022,0.056135346,688.0447835,410.5205425,2824.565178,1.045803832,0.086392696,314.3162322,187.098196,1.053057946,0.143722411,0,0,1.032805005,0.000796246,118.4816746,57.11107628,67.66615958,1.05089044,0.005971845,2487.902512,0
425,394.2292195,110.5485734,435.8147782,1.035432285,0.048172886,971.7625914,1626.633546,15807.0163,1.035851809,0.041802917,444.777194,274.814891,1.048637419,0.094753279,72.49075624,177.0733631,1.021190981,0.001194369,106.5911723,78.81703846,84.01200524,1.040258029,0.004379353,7457.521091,0
426,133.2049275,58.96178835,78.54000741,1.037058897,0.034636703,630.8936927,3513.363319,22165.58758,1.035836069,0.019906151,374.7599147,179.843757,1.048224273,0.113465061,191.1603154,1754.577539,1.045285229,0.005573722,400.2024358,261.4723974,1046.418904,1.024561768,0.009554953,7346.405823,0
427,599.2883374,322.7040305,1933.927619,1.043670188,0.068875283,792.3276465,2547.045141,20180.94282,1.031407008,0.026674242,216.0846724,66.54632754,1.036956695,0.087188942,304.0937067,2192.216489,1.035039518,0.005175599,91.19267877,31.39388983,28.6289291,1.017772317,0.009554953,7510.069212,0
428,821.7658793,2266.690452,18626.88872,1.033165144,0.029859227,630.2247902,454.1362693,2862.07935,1.049058689,0.060912822,128.6218424,41.84652386,1.033896239,0.095151402,78.96710161,350.4678344,1.063971113,0.001194369,84.11847816,32.84043269,27.6248722,1.029885295,0.004379353,7528.821698,0
429,768.7459728,2469.328568,18982.86392,1.040022818,0.027470489,530.3583845,331.5285502,1758.289463,1.045482274,0.07245839,206.894431,65.74279925,1.040931708,0.120631276,0,0,1.024249352,0.000398123,66.82080945,26.54043132,17.73453104,1.029389327,0.002786861,6728.609675,0
430,669.4355719,361.0712928,2417.139674,1.048370063,0.094753279,824.1621756,761.1361122,6272.995942,1.044536689,0.052950362,302.3845906,169.0574012,1.049752622,0.143722411,88.85564809,136.4192083,1.040619605,0.003184984,80.98203224,26.18831946,21.20783331,1.019136764,0.026674242,2886.10113,0
431,323.4906859,88.38336484,285.9119531,1.040390699,0.069273406,466.7945731,9436.932909,44051.09068,1.038967874,0.008758706,278.0803628,90.97532283,1.0423114,0.094355156,85.48582037,111.760912,1.040012362,0.003583107,174.0726762,47.38813244,82.48979032,1.033285405,0.045784148,8756.321645,0
432,221.1160503,103.2127885,228.2200412,1.031011351,0.015924921,595.8047019,5818.334248,34665.90902,1.028419141,0.014332429,470.7553967,181.3380889,1.036126027,0.054542854,115.7243596,273.0110594,1.040214106,0.005573722,392.6787098,121.0765403,475.4417964,1.039434642,0.031053596,11920.59869,1
433,302.4387065,161.01195,486.9624589,1.044953629,0.025877996,611.3375772,4984.091233,30469.62259,1.028310939,0.015128675,650.7989923,199.4785623,1.043893522,0.082809589,161.8486948,334.0971019,1.030552626,0.004379353,485.7343816,151.1035223,733.9617597,1.036696358,0.019906151,9785.87647,1
434,278.5552067,117.7132354,327.8963463,1.040333971,0.064894053,964.063766,1663.726959,16039.38877,1.02960261,0.039016056,354.3810141,282.5283969,1.053789272,0.092762664,86.42416215,160.5614178,1.043755381,0.000796246,161.5682759,53.83255242,86.97632679,1.027196842,0.020304274,6818.124119,1
435,761.1858816,1454.844967,11074.07449,1.041189139,0.027072365,895.1280808,1039.298457,9303.052335,1.038835512,0.037821687,499.1577696,181.3818701,1.043814031,0.105502601,118.9712961,423.637893,1.049307984,0.002388738,112.7115236,69.02355229,77.79749741,1.048749414,0.019109905,5891.410375,0
436,702.0136605,2138.858697,15015.08023,1.034237679,0.022693012,805.0160636,861.767466,6937.366532,1.040861861,0.034636703,345.1327987,175.9165764,1.04538253,0.117446291,80.89759878,367.385337,1.043289015,0.001194369,106.164966,26.46481756,28.09636455,1.024694752,0.015526798,5964.640351,0
437,605.4084053,4595.685213,27822.66456,1.048435983,0.015128675,734.2877326,253.0127191,1857.841358,1.039228668,0.058125961,607.0715148,99.28336759,1.040794412,0.156860471,8.318903308,7.298246263,1.025257493,0.000796246,69.72166888,61.92767308,43.17700717,1.059135317,0.001990615,7166.43694,0
438,716.4624235,3462.236127,24805.62087,1.043400561,0.022294889,637.971276,246.2569911,1571.048868,1.040767163,0.056533469,204.2480159,55.42421421,1.038125597,0.156064225,0,0,1.068694442,0.000398123,112.2167215,30.96383654,34.74660223,1.015125392,0.001592492,7650.933725,0
439,550.0157319,6732.137364,37027.81459,1.036248521,0.012341814,505.8602348,143.6699938,726.7693679,1.037448941,0.074449005,219.915872,57.49829835,1.038552348,0.098336386,0,0,1.062731262,0.000398123,114.2738931,43.8654351,50.12674041,1.035467088,0.009554953,9324.317353,0
440,359.5901408,16386.22109,58923.23548,1.028299792,0.005175599,331.3837776,118.4518531,392.5302255,1.041491822,0.067680914,224.2314775,65.36809936,1.040533733,0.096743894,65.27139519,87.57895516,1.048319543,0.000796246,199.3879711,116.759467,232.8043322,1.057805329,0.006369968,10084.02847,1
441,330.3799583,117.0526851,386.7186122,1.041252824,0.017517413,901.9302706,1895.749673,17098.34016,1.040903621,0.036627318,958.6340325,320.0526287,1.038009288,0.088383311,105.3316944,45.99513723,1.038375416,0.005175599,0,0,0,0,0,8834.043375,2
442,671.0704977,346.7406467,2326.874184,1.046007168,0.075643374,861.6284186,385.880978,3324.860168,1.037755896,0.079226481,579.307188,562.7489321,1.044865616,0.060116576,640.7695831,1308.910093,1.039278835,0.045784148,43.30127019,13.76170513,5.95899312,1.003208203,0.001194369,2761.676844,2
443,600.7697984,1295.241101,7781.41735,1.03842039,0.025877996,230.6506235,92.62910423,213.6496064,1.040785636,0.046978517,854.6551876,445.0233352,1.04046538,0.081615219,470.8652333,1693.146091,1.049140165,0.071662144,23.09401077,25.80319712,5.95899312,1.016189289,0.001592492,3602.006436,2
444,436.6392531,4091.354935,17864.46163,1.050553037,0.011943691,406.0902023,112.6556606,457.4836,1.028354545,0.018711782,142.7344625,98.72716939,1.047796076,0.094355156,487.5811276,15662.31664,1.039908416,0.012341814,41.61455074,23.59149451,9.817494452,1.020397359,0.002786861,7015.310023,2
445,299.4538474,24094.45206,72151.76371,1.060562816,0.003583107,168.9148098,74.24077767,125.4036684,1.039332935,0.022693012,160.7614551,75.67609471,1.041208224,0.103113863,240.6757991,701.7531748,1.046136828,0.014332429,0,0,0,0,0,11392.48368,2
446,502.3493616,1521.859334,7645.050647,1.038535151,0.031053596,430.6828133,332.8456045,1433.508813,1.054711632,0.065690299,512.3117628,149.7638624,1.043189887,0.156064225,420.6229868,1278.602644,1.052773696,0.024683627,0,0,0,0,0,2756.97932,0
447,584.3284921,1485.800276,8681.954349,1.044532341,0.035432949,536.0961357,532.7070045,2855.821666,1.049055034,0.063699684,404.4476211,82.01640605,1.038871804,0.163230439,40.82482905,8.427288889,1.010500797,0.001592492,0,0,0,0,0,3503.205557,2
448,693.048633,935.0566836,6480.397563,1.040791818,0.048172886,686.8228981,451.477758,3100.852622,1.047622497,0.078828358,769.7193393,132.0654543,1.038244029,0.140139304,102.907334,57.69978195,1.043399868,0.014730552,108.2531755,27.52341026,29.7949656,1.010134367,0.001194369,3219.696731,2
449,806.9175433,964.7771668,7784.956212,1.036067514,0.046978517,813.1867269,1091.6506,8877.157779,1.043301656,0.041006671,250.3129771,61.54062512,1.038868196,0.159249209,0,0,1.053520547,0.000398123,61.2706637,21.67468558,13.28022371,1.014168774,0.00398123,4919.735236,1
450,593.2342895,4967.688849,29470.03365,1.03893101,0.014332429,523.05773,426.354827,2230.08188,1.041240707,0.047774763,117.7254192,47.27514329,1.033855213,0.178359114,0,0,0,0,0,0,0,0,0,7261.620122,1
451,743.7823859,2414.268549,17956.90422,1.036306334,0.027072365,244.9948716,203.2099021,497.8538388,1.05997754,0.079226481,357.4194622,105.3456893,1.044713822,0.167609792,213.6363365,113.4768396,1.032997783,0.016323044,70.71067812,20.64255769,14.59649253,1.011376984,0.000796246,5494.251387,2
452,781.542647,1979.896517,15473.73565,1.039453492,0.029859227,331.8030154,208.8566219,692.9925695,1.048375834,0.096345771,440.8019426,91.01111469,1.040208774,0.196672773,305.6758577,522.0717156,1.036100316,0.016721167,0,10.32127885,0,1,0.000398123,4614.132245,3
453,619.2825132,1417.958162,8781.166945,1.042233143,0.035432949,666.9729657,532.6829506,3552.851274,1.042402338,0.070467775,149.0539471,60.64269459,1.039189678,0.198265265,47.0806418,23.68920607,1.029843546,0.003184984,22.22222222,23.2228774,5.160639423,1.036414813,0.001592492,3438.111043,3
454,729.1085353,2585.302398,18849.66045,1.035599368,0.023091135,675.5646446,568.6951444,3841.903331,1.043874203,0.056135346,118.7781963,52.22106096,1.038041332,0.160443578,0,0,0,0,0,0,0,0,0,6139.014747,2
455,593.6994422,3161.075955,18767.29031,1.035228479,0.022294889,459.7801363,680.435798,3128.508639,1.040287237,0.037423564,186.4036719,64.8095886,1.035681613,0.061310945,28.57142857,20.64255769,1.035321274,0.001194369,0,0,0,0,0,8221.274766,2
456,811.8307078,1991.278257,16165.80836,1.043170718,0.033840457,585.8127719,647.6133327,3793.801616,1.039772302,0.043793532,162.3076254,76.19532325,1.045296425,0.054144731,70.71067812,102.1754477,1.02182299,0.000796246,47.14045208,15.48191827,7.298246263,1.028320168,0.000796246,8426.96408,2
457,685.1694966,548.2186957,3756.227277,1.036310061,0.041404794,650.875104,4026.237048,26205.77457,1.038055773,0.017517413,163.9422389,67.29012522,1.039971443,0.071264021,103.0851953,375.9364362,1.055476206,0.002388738,97.60289855,42.06703045,41.05864105,1.044279851,0.026276119,8906.873396,0
458,272.2425442,173.5265006,472.4129602,1.040358033,0.019109905,371.0532983,15835.05345,58756.48812,1.057562185,0.005573722,223.5689549,79.20583601,1.043464248,0.072060267,187.766072,731.5897101,1.050722476,0.003184984,237.0538019,142.5130425,337.8325856,1.039136405,0.010351199,13213.68429,0
459,380.2217759,157.7091408,599.6444959,1.040404413,0.049765378,359.7620594,17204.77789,61896.26326,1.035563896,0.005175599,71.52507253,34.1234117,1.039212336,0.019508028,121.3284833,198.797086,1.02077627,0.003184984,166.7266136,126.8430848,211.4811799,1.057444092,0.015128675,14621.89986,0
460,728.9866906,303.6176194,2213.332036,1.039348497,0.062107191,611.2259741,5208.443241,31835.35794,1.039308993,0.015128675,78.70118726,38.56898937,1.042955334,0.007564337,49.14679448,95.11083192,1.020271279,0.001592492,128.5961298,162.4645744,208.923155,1.063910824,0.010749322,12676.27828,0
461,752.1380713,1570.875956,11815.15612,1.03755305,0.036229195,516.5453969,3596.277593,18576.40637,1.029231562,0.011943691,33.4155365,25.33404808,1.043421473,0.004379353,0,0,0,0,50,20.64255769,10.32127885,1.026464768,0.001194369,13020.20213,0
462,569.3047724,278.2902259,1584.319537,1.041407529,0.074847128,634.1543352,4607.959516,29221.57503,1.040333406,0.016721167,100.7653991,46.38643712,1.033346102,0.034636703,25.92724864,160.5614178,1.050619943,0.000796246,69.2820323,17.20213141,11.91798624,1.007584656,0.001194369,10618.10807,0
463,296.2734415,146.4060394,433.7622115,1.039449718,0.04737664,345.053445,18684.95514,64473.08141,1.038327857,0.004777476,208.8223837,95.7943693,1.039502525,0.03821981,65.46536707,63.06405544,1.008366234,0.001194369,84.85281374,25.80319712,21.89473879,1.017256691,0.000796246,14663.85562,0
464,129.9159985,56.34860343,73.20585077,1.032985774,0.029461104,173.137326,79153.88747,137044.9242,1.057439863,0.001194369,270.7192704,108.6134576,1.03384593,0.03423858,0,0,1.044485673,0.000398123,0,41.28511539,0,1.062712868,0.000398123,18476.30105,0
465,236.0159768,100.4906929,237.1740906,1.034462983,0.036229195,359.6543723,16524.36743,59430.60998,1.034606731,0.005175599,266.1620946,134.9027451,1.04180207,0.079226481,107.3135765,79.748161,1.026339232,0.001990615,0,0,0,0,0,12209.36034,0
466,337.6749243,129.9923228,438.9514775,1.041060949,0.044191655,627.6281872,4853.581378,30462.44481,1.032473992,0.015924921,294.2962236,142.5452295,1.047714956,0.117844414,12.85648693,21.89473879,1.035901987,0.000796246,54.71012044,18.06223798,9.881872154,1.019848576,0.001592492,9056.672421,0
467,319.4138164,111.7244924,356.8634651,1.035803052,0.061310945,699.9346054,3451.759451,24160.05889,1.034611609,0.020304274,307.3653529,179.7002593,1.051411393,0.127001244,0,0,1.066620646,0.000398123,106.1203961,25.80319712,27.38245498,1.02451695,0.005573722,7443.070225,0
468,421.644334,94.66210557,399.1374046,1.038043119,0.095151402,885.8346636,1729.551441,15320.96619,1.033132465,0.036229195,348.1834282,214.8355078,1.05070257,0.128991859,20.20305089,21.89473879,1.02986587,0.000796246,166.9332447,67.0883125,111.9926969,1.034717624,0.00796246,5649.104525,0
469,1029.140418,761.6114924,7838.051694,1.049043253,0.066486545,665.5964128,229.9222503,1530.35425,1.040629185,0.12381626,264.4785172,112.1867675,1.047122071,0.170794776,0,0,0,0,303.625818,136.1118648,413.2707628,1.055136958,0.012739937,3427.488407,0
470,884.4244969,1510.751894,13361.45984,1.041025657,0.040608548,526.9023252,167.3265657,881.6475656,1.042023268,0.11465943,270.0878982,100.80983,1.047247481,0.179553483,0,0,0,0,172.0488238,263.5895829,453.5027769,1.076218561,0.005175599,4652.367533,0
471,864.5287968,481.2136983,4160.230996,1.045760766,0.06449593,1225.066264,648.5758449,7945.483875,1.041280035,0.074050882,383.771737,142.0968813,1.044295213,0.13177872,0,0,1.055169378,0.000398123,159.702552,156.0702468,249.248167,1.055665195,0.01313806,4528.426916,0
472,456.6353391,125.8765966,574.7970237,1.038545759,0.095549525,1066.579145,618.3905604,6595.624751,1.042396355,0.078828358,678.4251018,557.6007962,1.046859294,0.065292176,44.19417382,145.9649253,1.045207299,0.000796246,112.7817875,67.57721519,76.21479124,1.043178197,0.037821687,3973.942635,0
473,142.1696769,43.53286056,61.89052718,1.031600191,0.08957768,804.9223093,1505.238626,12116.00151,1.038581029,0.039414179,564.3660468,388.1362549,1.040640786,0.058524084,200.1486657,846.9739779,1.060266778,0.003583107,508.7368866,242.3118695,1232.729861,1.04328887,0.051755993,5035.512081,0
474,212.2444724,61.71152064,130.9792914,1.034457555,0.076041497,592.7403135,5189.596345,30760.82964,1.040617424,0.014332429,268.1683567,83.06964749,1.035565392,0.098734509,58.26248854,182.4074951,1.041696312,0.001194369,501.3147471,198.8831039,997.0303295,1.037968953,0.062107191,7346.814392,0
475,984.5770324,626.5992597,6169.352396,1.037058711,0.058922207,871.1936193,1500.757865,13074.50676,1.043645384,0.037423564,214.9050095,65.47857177,1.038334964,0.086790819,112.2959511,328.3940502,1.020921338,0.001194369,108.1371947,32.63345518,35.28890297,1.029552268,0.027072365,6391.25205,0
476,570.2248497,1229.264311,7009.570567,1.042875678,0.043793532,752.7734114,1163.268839,8756.778526,1.042773366,0.033840457,207.1731996,68.03895661,1.041144183,0.090772049,0,0,1.112626876,0.000398123,75.65309672,21.75837162,16.46088193,1.018583912,0.014730552,5096.331736,0
477,477.3756847,9580.390526,45734.45487,1.034569776,0.00915683,359.5249094,246.2832814,885.4497445,1.04796147,0.037423564,260.4482237,46.78979744,1.028888074,0.059718453,0,0,1.059699373,0.000398123,108.1212452,39.99495553,43.24304392,1.023897074,0.003184984,13208.78858,0
478,517.2031392,7182.463268,37147.9255,1.037720004,0.010749322,333.6121468,192.7665711,643.0926961,1.044209034,0.080022727,128.4805204,47.90839593,1.036306866,0.14889801,8.318903308,7.298246263,1.004322634,0.000796246,126.2032992,34.40426282,43.41931474,1.019400683,0.004777476,7783.882893,0
479,651.5600139,832.4545462,5423.940957,1.039151471,0.042599163,955.9761474,1379.675246,13189.36626,1.042881876,0.042599163,130.5753605,43.26237187,1.030666143,0.103910109,14.10023291,31.53202772,1.061895622,0.001194369,278.4768842,50.36784077,140.2627936,1.032762259,0.019906151,6419.700734,0
480,640.9249701,247.7106923,1587.639681,1.038792485,0.029461104,662.2933057,4316.817537,28589.99357,1.040061142,0.017915536,407.5989438,88.97203664,1.040668243,0.062903437,345.0831825,1338.976501,1.048295861,0.012739937,426.0218556,134.6353485,573.57601,1.042457264,0.035831072,9634.952605,1
481,153.8122343,54.35873526,83.61038521,1.038011651,0.023887381,488.5060867,7739.238922,37806.6532,1.020298969,0.009554953,147.7305012,55.13560571,1.038432791,0.061709068,102.0879674,153.5359923,1.030546769,0.002786861,553.061329,279.6627364,1546.706447,1.042521143,0.074847128,8943.16999,1
482,167.5561021,75.32610338,126.2134827,1.04135287,0.064097807,811.776674,2495.832672,20260.58745,1.03139564,0.027868612,459.4846279,238.8215526,1.046465407,0.083207712,65.30732192,44.11996889,1.029771128,0.004379353,266.2644893,81.95219012,218.2095805,1.037200508,0.066486545,6847.825814,1
483,965.3135488,499.7766063,4824.411295,1.044673085,0.068875283,551.1218178,1036.082767,5710.07818,1.040285917,0.042599163,320.2252452,143.9392021,1.044488285,0.139741181,69.24743419,269.2119826,1.048114301,0.001194369,251.1757622,46.11635229,115.8330994,1.025539341,0.018711782,3344.836935,1
484,979.8983315,885.0949299,8673.03045,1.034383832,0.045386024,875.3194459,658.3999567,5763.102853,1.040910378,0.058922207,309.9662639,122.2465137,1.048681797,0.1660173,209.5356284,226.0979088,1.01776617,0.004379353,105.8319972,27.95346354,29.58370875,1.025115728,0.009554953,4353.607441,1
485,476.2353791,426.1111302,2029.291956,1.045262316,0.057329715,994.9899354,1123.872586,11182.41911,1.039525,0.046580394,366.8739976,185.6472129,1.049126017,0.121029399,102.7227,184.2148983,1.031805762,0.003184984,53.95833001,23.90190891,12.89707089,1.020730008,0.007564337,5090.2465,1
486,693.1335434,3516.722794,24375.58532,1.034690301,0.020304274,934.0723552,290.3812143,2712.370647,1.039267231,0.05932033,294.9766783,69.65468454,1.036872042,0.147305518,0,0,1.054318971,0.000398123,211.8946793,88.07491282,186.6260541,1.056133572,0.011943691,7228.905595,1
487,676.7577706,3998.287744,27058.723,1.037988036,0.018711782,522.9302795,255.377928,1335.448513,1.042735967,0.069671529,179.2834437,54.78930358,1.03831204,0.132973089,0,0,1.037296399,0.000398123,84.27360688,24.08298398,20.29559924,1.023537177,0.002388738,7851.52324,1
488,611.5544645,3923.314685,23993.20612,1.036651427,0.016721167,647.4243366,268.6989388,1739.622322,1.040021967,0.083207712,263.3499538,82.62837882,1.043727928,0.141333673,114.6186501,195.1968231,1.011237358,0.001592492,44.38126823,17.46677959,7.751978299,1.017150857,0.005175599,6315.883738,1
489,0,20.64255769,0,1.009624609,0.000398123,335.9651228,191.2226121,642.4412837,1.044627162,0.088383311,903.8202424,1856.568703,1.042666955,0.035831072,929.5465904,1293.760861,1.038600308,0.119038784,0,0,0,0,0,6507.048472,0
490,29.87611643,19.61042981,5.858834842,1.018415769,0.00398123,420.6600276,226.3769776,952.2774564,1.045657635,0.089179557,899.5150584,1892.55826,1.036065028,0.033840457,514.2377808,1205.808519,1.04973777,0.066486545,110.6797181,41.28511539,45.69424933,1.037912369,0.002388738,7133.387392,1
491,47.14045208,15.48191827,7.298246263,1.004812305,0.000796246,554.7833548,224.1709335,1243.663026,1.043897178,0.090772049,878.4294851,2037.879168,1.030581576,0.032247965,438.7319825,856.3246545,1.05141346,0.071264021,0,30.96383654,0,1.086893803,0.000398123,7332.401235,1
492,60.12919659,37.15660385,22.34196737,1.029680892,0.005971845,745.5669397,386.3245026,2880.307772,1.043502629,0.085198327,915.0074137,1516.206082,1.039358552,0.040210425,246.6981992,250.2640889,1.044859148,0.058125961,0,0,0,0,0,6673.813126,1
493,0,41.28511539,0,1.034513382,0.000398123,1126.864787,700.9395964,7898.641488,1.040963553,0.07245839,848.5600206,545.4322189,1.04280513,0.082411466,281.4155399,226.8643845,1.036325384,0.052552239,0,20.64255769,0,1.009624609,0.000398123,5491.737655,1
494,54.77225575,20.64255769,11.30639449,1.03491008,0.002388738,621.1769451,413.2695841,2567.135377,1.038078992,0.088383311,1122.378735,948.4493286,1.035543653,0.05932033,553.8981936,532.8675095,1.036376259,0.074449005,0,0,0,0,0,5707.874833,1
495,80.41774611,33.02809231,26.56044742,1.044956137,0.00398123,1039.427182,591.1382723,6144.451887,1.046127811,0.071264021,1214.742274,741.1115091,1.039620416,0.075245251,329.4898656,314.5700021,1.038160304,0.020702397,0,0,0,0,0,7158.254226,1
496,36.51483717,30.96383654,11.30639449,1.022032698,0.002388738,662.089079,584.0629559,3867.017046,1.042769065,0.060912822,1126.068469,560.2214891,1.040841356,0.084402081,561.1819205,1156.937859,1.029588312,0.031053596,94.43530058,2975.968734,2810.365019,1.079682488,0.003583107,4883.854413,1
497,37.5,18.34894017,6.880852564,1.013099194,0.003583107,894.6664395,1225.651863,10965.49588,1.052561985,0.042997286,586.2397765,201.2512488,1.048002886,0.150092379,147.4942931,49.47571615,1.012259207,0.009554953,231.8317117,6994.386632,16215.20625,1.063932229,0.002388738,5365.185909,1
498,22.22222222,23.2228774,5.160639423,1.024660881,0.001592492,806.4225293,2301.346015,18558.57274,1.037482164,0.027470489,720.7527692,249.820567,1.041508362,0.144120534,142.5998597,87.60791166,1.03966598,0.008360583,92.31312473,47.30586138,43.66951882,1.033163534,0.004777476,7293.8493,1
499,140.2413438,53.22830948,74.6480965,1.03503973,0.027868612,962.7545798,1104.457472,10633.21489,1.036271154,0.050959747,1316.586609,393.0519692,1.035185283,0.102317617,140.8368015,79.1413101,1.026130373,0.010749322,286.4168655,186.8694696,535.2256774,1.050489576,0.007564337,6525.541396,2
500,468.2584522,205.9281659,964.2760422,1.046527853,0.066088422,866.929699,1989.168466,17244.69219,1.029813203,0.031849842,463.287287,240.3446514,1.046779624,0.093160787,169.3422524,81.0992474,1.030204219,0.009953076,182.1392259,60.45320467,110.108999,1.020100414,0.002786861,6874.53535,2
501,407.353188,372.931287,1519.147487,1.048130496,0.075245251,931.2287456,698.9403945,6508.733869,1.039526954,0.069273406,490.907449,255.0416941,1.045108449,0.085198327,163.5784642,234.6791129,1.042010423,0.011943691,60.0092329,15.08494601,9.052360382,1.014278319,0.005175599,3622.388005,2
502,514.4423098,552.5570354,2842.587176,1.05116997,0.055737223,706.5319322,373.54689,2639.22806,1.04646985,0.078828358,377.2710201,220.5494322,1.045137302,0.128593736,315.0793706,1756.729554,1.040590437,0.020304274,56.96621729,23.2228774,13.2291948,1.023280646,0.003184984,2003.795591,2
503,492.5724346,2012.649375,9913.756026,1.040704109,0.02110052,304.2418383,170.2659946,518.0203919,1.046517061,0.058524084,231.805273,116.4072882,1.041829908,0.147305518,275.594334,7620.061859,1.047173524,0.010749322,97.0409089,28.30028071,27.46284962,1.02573991,0.024683627,3266.570297,1
504,383.7705523,3081.4178,11825.57411,1.045985206,0.015924921,345.2449606,179.2505643,618.8535399,1.037425025,0.031451719,148.6338143,100.884032,1.047896483,0.142926165,530.5865458,6119.385792,1.035470475,0.026276119,130.6030852,74.96507794,97.9067046,1.053484638,0.007564337,3840.201907,1
505,536.5662416,5672.918897,30438.96771,1.034916164,0.011943691,124.197831,44.72554167,55.54815264,1.025099192,0.015526798,205.1924259,111.6574712,1.045264551,0.096345771,465.0747304,4083.39543,1.039679782,0.023489258,51.84162136,22.2722333,11.54628686,1.026263452,0.007564337,8600.695558,1
506,668.059519,3331.295961,22255.03977,1.040107157,0.019906151,157.9092789,55.09150138,86.99459258,1.031305758,0.030655473,254.2641908,149.3274834,1.050704769,0.105502601,453.5119806,2183.26987,1.042543899,0.033442334,82.64846781,25.80319712,21.32594706,1.01177677,0.005573722,7172.297618,1
507,679.6704392,1165.731105,7923.129723,1.038416983,0.035831072,123.8979763,42.37979648,52.50771018,1.029386087,0.026276119,368.4741519,194.7875917,1.047734195,0.096743894,613.3031783,5934.283701,1.047345732,0.039414179,96.20913858,48.65745742,46.81292064,1.029392987,0.002786861,4286.948889,1
508,627.5124346,568.5304431,3567.599225,1.038505501,0.042997286,145.3934961,46.03290366,66.92884799,1.037793984,0.019906151,194.6804959,197.7845063,1.058488181,0.08559645,625.466681,9302.742348,1.039823538,0.038617933,77.79543488,48.65745742,37.8532806,1.027529407,0.005573722,4511.191027,1
509,539.8856842,603.5490678,3258.475014,1.039216244,0.02508175,298.7016796,130.1488089,388.7566781,1.040443689,0.016323044,394.9965471,298.2922787,1.048631794,0.056135346,740.7467599,16114.80598,1.041932218,0.03025735,101.9850568,70.52873879,71.92877432,1.039724258,0.002388738,7937.295134,1
510,459.488731,595.3370979,2735.506877,1.039686287,0.057329715,467.2659347,285.8066485,1335.477108,1.044104464,0.070865898,716.2605713,268.8020013,1.041734134,0.119038784,434.0784953,1279.187248,1.046924183,0.046182271,0,10.32127885,0,1,0.000796246,1909.345773,0
511,665.3046631,944.6253613,6284.636578,1.041545186,0.044987901,666.1196414,971.3569066,6470.399143,1.047896463,0.046182271,312.0113999,61.90755363,1.037526292,0.20423711,0,0,0,0,0,0,0,0,0,3558.750386,1
512,463.029302,2201.428895,10193.26084,1.046243347,0.024683627,662.1385634,590.2161088,3908.048464,1.038717742,0.056135346,353.8697394,65.83593976,1.037918585,0.190302804,0,0,0,0,0,0,0,0,0,3589.437142,2
513,932.3579829,1307.684527,12192.30108,1.039961073,0.03821981,712.7764162,774.8719495,5523.104511,1.043202219,0.052950362,202.3995659,51.48322861,1.037811619,0.166813546,43.30127019,11.91798624,1.033592776,0.001194369,141.1300658,92.89150962,131.0978487,1.018951028,0.00398123,5266.107122,2
514,707.2985882,175.0850514,1238.374097,1.045319117,0.054542854,617.8033181,5036.254781,31114.14914,1.034800319,0.015526798,325.5170084,90.94228978,1.037149385,0.128593736,0,0,1.009624609,0.000398123,157.1227143,53.19428329,83.58030173,1.034604075,0.010351199,8496.562969,1
515,645.3688309,2662.152708,17180.70381,1.034779292,0.022294889,598.2092862,569.1788312,3404.880623,1.046095453,0.051755993,134.4902545,61.09748326,1.039939145,0.18313659,0,0,0,0,0,0,0,0,0,5293.901664,1
516,775.1405567,1501.563932,11639.23102,1.038741457,0.033840457,288.4919691,175.3228891,505.792455,1.053741899,0.088781434,920.0773514,176.0242079,1.043256672,0.146111149,387.8909445,948.4907682,1.045964183,0.032247965,0,10.32127885,0,1,0.001592492,4074.422721,1
517,569.7747412,435.248329,2479.93504,1.045556681,0.079624604,378.3803569,419.1028999,1585.803049,1.051366966,0.069671529,639.6246449,234.8003469,1.042244271,0.117446291,292.4192153,868.459233,1.041506304,0.028266735,108.158452,28.89958077,31.25733918,1.020672226,0.005971845,1777.37115,3
518,390.5884834,3564.144011,13921.13604,1.051558976,0.019906151,494.6015858,390.0125794,1929.008402,1.044070264,0.056135346,246.2310391,56.66842271,1.035937395,0.125010629,112.5828456,52.28995242,1.013221039,0.001592492,0,0,0,0,0,4558.635117,3
519,875.4980513,1259.380328,11025.85023,1.044535155,0.044589778,565.5622294,938.4336089,5307.42604,1.039827959,0.035831072,187.9270232,60.75090019,1.039573078,0.167609792,0,0,1.018629051,0.000398123,0,20.64255769,0,1.009624609,0.000398123,5089.614432,2
520,624.7596997,4674.249158,29202.825,1.038138983,0.015924921,594.9065878,447.2269834,2660.582787,1.04787746,0.048172886,137.9645673,48.12128709,1.037540473,0.061310945,25.71297386,58.3859701,1.035001424,0.000796246,218.4516649,79.62129396,173.9340423,1.050003135,0.011147445,10061.76341,2
521,360.0077317,350.7670978,1262.788672,1.042876145,0.052552239,795.1710962,2744.53588,21823.75604,1.040715542,0.026674242,194.5691898,60.74701019,1.041123585,0.107891339,72.83826211,93.43601317,1.018793867,0.002786861,172.0656069,67.2794473,115.7647893,1.042655376,0.021498643,7776.492287,1
522,63.01087502,38.70479567,24.38823043,1.040514272,0.001592492,173.1609975,81104.60918,140441.5502,1.043225671,0.001194369,367.3978358,101.0234263,1.038158393,0.026276119,0,0,1.035542469,0.000398123,75.85215336,87.15746582,66.11081463,1.064414401,0.003583107,26694.1136,0
523,87.29248585,36.3702207,31.74846976,1.031305174,0.008360583,141.4090045,118173.4822,167107.9447,1.076334496,0.000796246,291.8329257,58.88326709,1.038546065,0.0553391,137.1409482,971.0123978,1.04450839,0.001990615,169.4022949,45.93980977,77.82309204,1.031580586,0.020304274,16003.58477,0
524,224.5946793,140.3693923,315.2621866,1.046415449,0.00796246,223.4957524,46761.58594,104510.1583,1.05418237,0.001990615,220.5730821,63.90636384,1.038802189,0.076837743,125.1359978,291.893357,1.010243263,0.001990615,174.1550099,32.21490064,56.10386341,1.023315494,0.01313806,14603.7744,0
525,272.9561785,211.0947269,576.1960994,1.042167027,0.016721167,244.7643934,38350.43177,93868.2017,1.06554443,0.002388738,166.3686808,66.37650017,1.040412816,0.046182271,99.63608018,416.4905655,1.034829031,0.001592492,296.1612134,70.95879207,210.1524196,1.030717705,0.015924921,15940.40072,0
526,214.4909337,80.67206455,173.0342645,1.035827158,0.034636703,173.1365018,78200.88939,135394.2843,1.069188769,0.001194369,70.01135135,33.59905667,1.036837655,0.018711782,128.2666861,202.2882886,1.03214872,0.009953076,131.3299742,175.4617404,230.4338584,1.072579401,0.00915683,17237.94958,0
527,512.4925578,197.803274,1013.727059,1.043245166,0.096743894,572.4246419,5923.19979,33905.85519,1.036488962,0.013536183,134.0094791,28.72008027,1.02032984,0.00915683,42.42640687,131.3684327,1.02226026,0.000796246,141.3093155,29.58766603,41.81012833,1.019081445,0.005971845,11136.29154,0
528,868.6638588,1236.816217,10743.77547,1.0396854,0.040210425,651.538103,987.5252154,6434.103055,1.043823834,0.044589778,220.8791345,78.86102119,1.035090363,0.07643962,0,0,1.004109681,0.000398123,43.30127019,13.76170513,5.95899312,1.003208203,0.001194369,6311.889142,0
529,332.124285,278.723913,925.709803,1.042889186,0.083207712,708.467944,3208.131346,22728.58219,1.041937444,0.020702397,198.258244,110.093641,1.039320268,0.088383311,65.59076792,181.6564625,1.034590791,0.002388738,0,0,0,0,0,7432.828321,0
530,234.9972244,239.5809179,563.0085072,1.04604589,0.058125961,653.8539522,4049.929075,26480.62132,1.034489729,0.017517413,326.5301,126.400319,1.041058958,0.116251922,94.89928333,346.0836278,1.046540091,0.001194369,0,0,0,0,0,7984.155386,0
531,648.0466327,209.1627117,1355.47191,1.041093116,0.072060267,851.2680341,1089.575003,9275.203705,1.038308738,0.05135787,484.8491608,279.5478678,1.04780622,0.103511986,0,0,0,0,34.23265984,16.51404615,5.653197247,1.015177911,0.001990615,4551.283509,0
532,203.4072801,91.99629666,187.1271648,1.03997614,0.078032112,858.9864838,2168.674941,18628.62462,1.02922285,0.030655473,412.2293402,256.3853858,1.051008035,0.102317617,0,0,0,0,78.44645406,33.54415625,26.31420112,1.034724434,0.003184984,7081.617453,0
533,461.7091979,183.9546784,849.3356702,1.040997745,0.069671529,764.8108863,2194.716734,16785.4325,1.033419425,0.029859227,428.2977802,176.3358552,1.045602832,0.122223768,0,0,1.022435341,0.000398123,78.99367063,25.80319712,20.38289254,1.030680268,0.002388738,6167.365494,0
534,508.8053545,294.9436633,1500.689152,1.040082685,0.070467775,959.1145607,1189.029431,11404.1544,1.038394348,0.045386024,433.300596,192.4181271,1.049015477,0.128195613,116.3335548,292.1730241,1.046161723,0.001194369,108.7090293,26.3766015,28.67374744,1.022428999,0.010749322,4898.734793,0
535,451.9096544,163.0018182,736.6209533,1.041529424,0.132574966,1026.557741,838.8325422,8611.100399,1.042862059,0.062903437,474.8147199,242.8258123,1.048040882,0.104308232,0,0,0,0,116.7076018,33.77873077,39.4223466,1.027143147,0.008758706,3973.904328,0
536,367.8188939,144.1907229,530.3607223,1.046558239,0.066884668,855.1171095,2627.308692,22466.56614,1.030649342,0.03025735,434.1472993,122.0241515,1.046435638,0.074050882,53.03300859,87.57895516,1.039264818,0.000796246,202.3652676,128.8596026,260.7670796,1.054905495,0.01313806,9091.591863,0
537,318.7712579,83.53596447,266.2886447,1.036486385,0.068079037,437.93963,10516.35102,46055.26874,1.031573636,0.00796246,124.2560612,44.69213947,1.032545284,0.041006671,240.1806376,622.2218048,1.031032461,0.00398123,253.6309014,156.2341967,396.2582014,1.041742285,0.049367255,9965.443385,0
538,158.0702608,54.63094481,86.35527693,1.036500787,0.108687585,264.4712817,30677.78967,81133.94354,1.03886296,0.002786861,230.0522973,44.44808794,1.028650472,0.024683627,70.18438568,131.5979918,1.036218607,0.002388738,566.8701229,124.2187715,704.1591025,1.03628175,0.056533469,9702.258417,0
539,888.9392349,193.5042813,1720.135478,1.038630229,0.104308232,809.8615622,1510.448327,12232.54042,1.045799647,0.040608548,229.1842254,72.32013316,1.038715337,0.057727838,0,0,1.020505578,0.000398123,659.4394315,322.5632101,2127.108999,1.034576448,0.044191655,5165.067366,0
540,495.7865306,185.1823099,918.1089495,1.045702761,0.075245251,744.6927182,3078.190213,22923.05837,1.033026588,0.023489258,278.6543817,97.52121906,1.043356113,0.096743894,204.7702384,843.2828011,1.034391786,0.00398123,232.0264884,150.0025859,348.0457326,1.036160744,0.017915536,7556.529937,0
541,522.691319,571.4763081,2987.057053,1.046115466,0.063699684,783.8882955,1278.034858,10018.36567,1.038466009,0.041006671,212.4718144,73.87179451,1.045146459,0.126603121,131.3171327,227.700605,1.026312163,0.001990615,244.0829626,104.072895,254.0242055,1.037637319,0.014332429,4356.827684,0
542,651.1887916,2103.103916,13695.17698,1.038288127,0.028664858,787.8755635,598.3214071,4714.028157,1.046621138,0.052552239,199.389625,59.02288203,1.039681435,0.132973089,0,0,1.112531317,0.000398123,201.9222547,97.02002116,195.9050143,1.040996389,0.00398123,5484.66961,0
543,815.0336747,1705.304627,13898.80697,1.039518705,0.035831072,701.2991541,416.4264988,2920.395514,1.04700917,0.060912822,205.9972522,99.71792506,1.044423246,0.125806875,0,0,1.042811523,0.000398123,94.05225307,41.67459761,39.19589801,1.040694817,0.02110052,5526.394847,0
544,773.7765639,2035.935187,15753.58933,1.057016903,0.032646088,346.8088094,223.0764798,773.6488838,1.044421302,0.072060267,473.0735583,76.10073352,1.038057929,0.109881954,0,0,1.007719642,0.000398123,529.6462877,733.4766871,3884.832044,1.029697864,0.012341814,6063.270892,0
545,554.962906,204.7710208,1136.403208,1.038236385,0.052154116,646.4673632,4393.264343,28401.02015,1.030206894,0.01711929,291.508846,82.7340606,1.04170763,0.075245251,76.60385808,69.84073056,1.022160516,0.004777476,311.4452946,179.9276784,560.376288,1.048855562,0.041404794,8532.198869,1
546,240.2501176,111.926655,268.9039203,1.046824816,0.048571009,563.241671,1285.405109,7239.937217,1.050944168,0.035432949,186.0114795,55.22857888,1.038403476,0.105502601,77.7556089,69.93539515,1.035249197,0.005573722,1088.596792,782.6844229,8520.27752,1.030936826,0.054542854,4834.317144,1
547,168.6330673,98.00727392,165.2726721,1.044351506,0.045784148,476.0608733,8621.409096,41043.15543,1.041343975,0.00915683,157.4431053,45.40234684,1.030224136,0.072856513,71.98603327,97.51716482,1.043377264,0.003184984,777.7109721,167.8282946,1305.219061,1.03805701,0.07643962,8658.57645,1
548,1028.044213,597.6725633,6144.3382,1.039978327,0.064097807,899.4620919,1093.582105,9836.356475,1.036107373,0.043395409,177.3442416,80.86057109,1.043990953,0.129788105,202.7006996,1027.236047,1.04508895,0.00398123,143.0703488,42.81797858,61.25983128,1.033355418,0.040210425,4850.448234,1
549,726.0578518,3349.707673,24320.81558,1.040537947,0.022693012,267.5760273,185.6708314,496.8106346,1.046524198,0.073254636,186.2629736,62.91738475,1.040598459,0.145314903,96.46415569,284.4666999,1.050564088,0.002786861,133.47239,50.13192583,66.91227955,1.03036541,0.008360583,7299.004089,1
550,545.1074312,6039.883365,32923.85306,1.051463057,0.012739937,676.2725887,199.0458626,1346.092607,1.043343575,0.079624604,167.0295137,48.36089295,1.036628281,0.140537427,62.89872813,86.55937495,1.041554996,0.001194369,105.9613519,101.4925753,107.5429049,1.056730602,0.002388738,7686.561568,1
551,639.8226068,1996.256756,12772.50201,1.04702145,0.027072365,1093.716739,511.4964799,5594.322621,1.043135544,0.069273406,215.8263472,59.59614452,1.038227605,0.144518657,135.2302101,389.2588061,1.034775767,0.003583107,194.4942145,46.01570152,89.49787722,1.031559872,0.019109905,5007.614239,1
552,478.0887586,3240.512941,15492.52809,1.039904523,0.011147445,845.6563727,1813.932095,15339.63236,1.040917726,0.031451719,169.013787,49.85218478,1.037291181,0.100725125,88.31518432,302.6265137,1.052532236,0.001990615,128.685117,33.94830271,43.68641306,1.027240979,0.033044211,7515.977602,1
553,559.8365795,1723.128757,9646.705092,1.038555429,0.023489258,670.5049006,1490.323084,9992.689312,1.032108561,0.035432949,144.9933953,46.10735222,1.034611014,0.097142017,145.9487813,515.5160503,1.039393503,0.003583107,86.25562966,30.19929737,26.0485941,1.031922443,0.032247965,5477.510099,1
554,547.5812409,2578.567042,14119.7494,1.045142655,0.02110052,838.946315,577.0027504,4840.743312,1.042428201,0.066486545,134.628312,42.87070315,1.0354315,0.137352443,113.6376917,180.1218252,1.03678793,0.005573722,158.1295082,63.64788622,100.6460894,1.033182614,0.007166214,4942.973633,1
555,0,0,0,0,0,305.4927784,138.4700495,423.0160016,1.048728342,0.144518657,794.5660352,2457.402664,1.032615351,0.026276119,569.7216458,612.9225026,1.038134407,0.142926165,84.85281374,51.60639423,43.78947758,1.020449589,0.000796246,5663.851663,0
556,0,0,0,0,0,542.4438934,194.9795433,1057.654626,1.043840051,0.124214383,972.7126276,1638.119801,1.036656922,0.040210425,278.0403144,212.3601395,1.039750679,0.125408752,189.8520322,119.4319409,226.743967,1.030372248,0.002786861,5946.08142,1
557,0,41.28511539,0,1.062712868,0.000398123,771.1916029,765.919316,5906.70545,1.046616287,0.061310945,864.1266635,545.4211647,1.038711303,0.084402081,277.2628451,240.3264502,1.040511195,0.080022727,93.26427425,44.72554167,41.71295184,1.026087091,0.001194369,4205.489283,0
558,70.71067812,20.64255769,14.59649253,1.011376984,0.000796246,905.9770036,524.0856616,4748.095573,1.042707037,0.076837743,993.5870756,806.0037694,1.044855787,0.065292176,254.1369815,179.4243274,1.038648099,0.084800204,162.0786602,395.157533,640.4660351,1.040568824,0.002786861,5067.766051,0
559,60.75652972,19.78245112,12.01913079,1.026729091,0.004777476,640.9567793,633.4684892,4060.259226,1.039795356,0.060514699,765.5694515,909.2294783,1.04023235,0.060116576,196.3967685,170.3142733,1.040040474,0.079226481,121.2435565,34.40426282,41.71295184,1.022722499,0.001194369,4364.289541,0
560,70.9322537,36.86171017,26.14684177,1.025152216,0.005573722,759.8382841,450.8501222,3425.731832,1.03910985,0.088781434,1136.967521,585.8786304,1.041690219,0.084402081,495.648506,597.3925409,1.042494924,0.085198327,66.14378278,41.28511539,27.30753704,1.036386539,0.001194369,4260.393155,0
561,53.30928945,17.69362088,9.432343569,1.012900401,0.005573722,748.8910358,515.435235,3860.04827,1.040780454,0.078430235,1269.423685,686.9502705,1.037476863,0.077235866,399.5102376,492.2772759,1.042480266,0.051755993,48.98979486,17.20213141,8.427288889,1.014836486,0.002388738,5718.287438,0
562,69.93760113,29.61758278,20.71382691,1.028578994,0.00915683,821.2374539,805.8824607,6618.208602,1.035913084,0.054940977,1346.903076,517.2755707,1.038753682,0.091568295,409.7317572,745.9725492,1.034232704,0.044191655,30,11.46808761,3.440426282,1.001069401,0.003583107,5808.953231,0
563,76.41439047,31.714475,24.23442276,1.026045492,0.021896766,859.529842,703.6900471,6048.42595,1.036584434,0.066884668,1161.503941,587.0289074,1.041836353,0.083207712,153.5792203,91.56088457,1.037456036,0.056931592,0,0,0,0,0,5250.958123,0
564,148.1905959,56.12195373,83.16745768,1.036359346,0.006369968,967.4000474,637.2059626,6164.330784,1.040327665,0.077235866,1015.180779,575.021101,1.049248365,0.081615219,215.1695104,138.3871993,1.043311979,0.053348485,35.35533906,41.28511539,14.59649253,1.038200682,0.001592492,5093.532014,0
565,93.85730872,31.91951051,29.95879352,1.026679744,0.021498643,855.738114,937.9740604,8026.601534,1.050527357,0.0553391,1005.153711,369.7662425,1.041905046,0.111872569,293.9410426,412.2839029,1.040384156,0.037821687,255.6934419,57.73465355,147.6237228,1.027455147,0.012739937,4624.792148,0
566,112.3458986,51.03298985,57.33347102,1.037105551,0.042997286,755.8992068,2712.948145,20507.15351,1.039885608,0.023887381,645.0158478,211.422905,1.047135095,0.125806875,282.4078758,675.9060423,1.032878074,0.02110052,124.4411672,147.6391626,183.7238972,1.058199656,0.00915683,6789.658937,0
567,150.3316457,64.55379728,97.04478584,1.040602848,0.067282791,570.8767336,5278.864981,30135.81198,1.032085818,0.01313806,438.2500919,196.9697469,1.048011424,0.128195613,151.6827872,163.7315192,1.03538596,0.009554953,34.64101615,17.20213141,5.95899312,1.006416406,0.001194369,7400.406356,0
568,123.0928486,54.36300908,66.91697648,1.040706871,0.064097807,902.610339,1764.499479,15926.55473,1.037559507,0.037423564,661.9083216,347.6796503,1.039749934,0.083605835,180.7535389,113.3996824,1.033068287,0.020304274,83.38810196,26.99411391,22.50987923,1.018461166,0.005175599,6866.923084,0
569,324.842304,61.4669017,199.6704997,1.038296252,0.089179557,724.8180017,442.3710809,3206.385229,1.043845542,0.076837743,842.8605218,1514.707678,1.039061415,0.03423858,427.1999717,505.6101547,1.038355837,0.07245839,71.18390802,25.22979274,17.95955245,1.021131356,0.003583107,4809.664661,0
570,701.1504996,283.5360008,1988.014086,1.033487367,0.054940977,312.0649261,314.3059501,980.838631,1.047807811,0.062505314,415.2490648,305.9786291,1.047318546,0.099928879,652.3677365,5254.490925,1.044047666,0.04220104,95.30501027,25.06596291,23.88911853,1.023261115,0.008360583,2445.624475,1
571,467.1590584,1619.182086,7564.155789,1.054943709,0.016323044,240.7744536,112.1994192,270.1475385,1.043921432,0.046182271,242.4808207,142.8558822,1.040513741,0.105104478,510.8631102,24254.69882,1.036185678,0.011147445,58.03504683,27.43949742,15.92452518,1.027298634,0.016323044,6205.287637,1
572,515.0697526,2996.206536,15432.55359,1.033777199,0.013536183,416.2850145,242.3799219,1008.991293,1.044061532,0.036229195,434.7276042,151.9153367,1.044214592,0.130186228,543.7018192,7090.429756,1.062424341,0.022693012,265.8068628,101.2775487,269.2026748,1.029703519,0.012739937,4556.148244,1
573,649.0237663,2000.938693,12986.56767,1.030608818,0.020702397,203.6969312,131.0389562,266.9223326,1.043768812,0.049765378,232.4330697,160.8427487,1.046793881,0.121427522,413.9269446,3741.906469,1.037624975,0.034636703,144.4875032,152.238863,219.9661321,1.051415801,0.00796246,4132.227669,1
574,675.2406415,3216.505772,21719.15421,1.033756486,0.018711782,227.407633,55.98511859,127.314433,1.027988614,0.026276119,317.2161176,149.2401131,1.046486556,0.117844414,510.0885969,3161.367019,1.053241997,0.033442334,60.60915267,36.12447596,21.89473879,1.038873768,0.000796246,6822.467851,1
575,440.7261219,1474.596621,6498.932503,1.040796018,0.018313659,80.88177413,40.81596635,33.01267771,1.037631959,0.017517413,166.8440727,166.5882427,1.055364115,0.087985188,483.9203224,21868.87927,1.034657273,0.012739937,37.26779962,24.77106923,9.231632446,1.015577303,0.001990615,7065.320081,1
576,445.872355,203.6360421,907.9568166,1.043955013,0.044191655,291.3421762,164.685111,479.7971863,1.049857017,0.027072365,549.3704534,360.7725443,1.051411898,0.060912822,704.3285959,10187.13661,1.038422915,0.044589778,66.82080945,26.54043132,17.73453104,1.024996255,0.002786861,5237.32447,1
577,177.6243066,71.02022825,126.149188,1.035019556,0.033442334,275.6291577,288.6135381,795.5030641,1.054964085,0.021498643,789.5344905,1293.326612,1.042664821,0.035034826,735.9306778,2936.222133,1.048391509,0.113465061,124.911129,263.1926106,328.7568612,1.051575449,0.003184984,4738.7437,1
578,285.4791865,246.5872878,703.9553832,1.045260601,0.058524084,399.5541282,415.4511707,1659.952303,1.048538442,0.052154116,649.6479974,582.3556461,1.042769769,0.05932033,633.185476,4488.608905,1.04064427,0.041404794,0,10.32127885,0,1,0.000398123,2956.001417,0
579,283.8508167,131.1038779,372.1394281,1.04308369,0.104308232,838.3489764,1617.356259,13559.08964,1.050288979,0.034636703,608.2528618,291.7510643,1.041424854,0.093957033,328.1100121,769.0666158,1.034549058,0.012341814,0,0,0,0,0,5219.786984,0
580,525.2297668,483.1250463,2537.516554,1.04843476,0.06449593,948.7673432,1168.13726,11082.90485,1.03361567,0.042599163,329.5997316,113.1916552,1.042332199,0.168007915,95.83937179,37.09443303,1.026681243,0.001592492,0,0,0,0,0,4525.591009,0
581,589.9276214,921.0890716,5433.758851,1.046552067,0.036229195,796.5281016,1490.297757,11870.64043,1.031852452,0.034636703,354.2350537,73.41221081,1.037895946,0.194284035,0,0,0,0,0,1878.47275,0,1.076027469,0.000398123,4744.317308,1
582,702.6246257,503.4958545,3537.685863,1.042478906,0.058524084,892.5104924,1286.053541,11478.16279,1.034023871,0.037025441,403.1624846,134.60445,1.041495636,0.153675486,286.9522259,1786.900743,1.036999517,0.003583107,0,0,0,0,0,4730.796041,2
583,877.4792818,376.3507373,3302.399746,1.046687628,0.060116576,898.9835261,1601.103211,14393.6541,1.035205728,0.034636703,409.9081388,109.2595983,1.042867525,0.157656717,320.48858,3139.452263,1.031366804,0.004379353,113.3982281,31.60891647,35.84395121,1.018521342,0.012739937,5411.675398,2
584,275.4311055,126.8762083,349.456543,1.044522769,0.065292176,477.4463445,8422.61229,40213.45449,1.037468617,0.00915683,292.5984047,123.2503057,1.041305489,0.115455676,0,0,1.009624609,0.000398123,123.7593925,55.4768738,68.657842,1.030409748,0.006369968,8680.169506,1
585,1012.322659,821.7494775,8318.756164,1.041383328,0.056135346,911.8176115,696.6104304,6351.816587,1.042896085,0.054144731,337.6937277,93.19996163,1.040854551,0.173183515,0,0,0,0,0,30.96383654,0,1.022753969,0.000398123,4628.681924,1
586,670.4581367,1239.483307,8310.216681,1.040721772,0.044191655,934.9717601,319.4750772,2987.001752,1.047516539,0.084800204,343.8952835,87.42101814,1.038719772,0.19229342,212.5187912,1320.466354,1.042699176,0.001990615,37.11537445,24.08298398,8.938489681,1.023925943,0.003583107,3432.211201,1
587,523.4922519,436.659748,2285.879948,1.041929691,0.064894053,748.1095468,555.5540527,4156.152906,1.045191108,0.054940977,324.1940644,118.9203907,1.041822347,0.136556197,489.5597353,10541.3584,1.028275875,0.011545568,56.56854249,51.60639423,29.19298505,1.032118155,0.000796246,3104.197194,2
588,535.5609747,4986.236276,26704.3356,1.039865014,0.015526798,561.888468,490.2040349,2754.399942,1.03774142,0.036229195,111.8771954,46.66078145,1.034028403,0.095549525,163.7211744,297.4068933,1.038148453,0.001990615,0,0,0,0,0,8745.721765,3
589,434.0676026,11793.41915,51191.41175,1.036545892,0.007564337,332.3789346,147.5435271,490.4036034,1.047384753,0.048571009,148.9095074,57.75946431,1.036185025,0.062107191,0,0,1.022435341,0.000398123,0,0,0,0,0,12927.46133,2
590,928.980603,1340.53996,12453.3562,1.038797372,0.040210425,951.9423408,722.397365,6876.806386,1.039963225,0.044589778,411.4420902,163.8142637,1.046493773,0.071264021,128.2064791,648.3948623,1.033152563,0.003583107,126.7968285,35.75585886,45.33729503,1.031674127,0.011147445,6995.017669,2
591,380.4885033,175.8917937,669.2480533,1.039851756,0.085994573,843.6900062,2162.101493,18241.43422,1.034539709,0.029859227,380.9537463,192.489673,1.049652422,0.094355156,177.7340976,420.3932293,1.020044096,0.004777476,128.1749435,38.35818556,49.16558269,1.035633912,0.026674242,6437.269554,0
592,283.8450281,86.01065706,244.1369737,1.032032917,0.017915536,359.3183102,17795.47262,63942.39152,1.041558,0.005175599,284.5045239,93.78901213,1.039410057,0.064097807,72.00590154,87.32517614,1.012288384,0.001592492,138.6568145,47.73591467,66.18909863,1.024009454,0.003184984,15169.06929,0
593,252.055967,75.8080136,191.0786217,1.026315397,0.011545568,223.4598647,47120.76645,105296.0009,1.062016155,0.001990615,318.9237201,81.83299657,1.040889173,0.039016056,86.15425547,458.8386008,1.050362066,0.001990615,141.0763287,37.41463582,52.78319461,1.035852857,0.028664858,16284.72121,0
594,93.02183198,36.12447596,33.60364933,1.030737538,0.014332429,199.941911,59226.07834,118417.7528,1.047092191,0.001592492,198.2115248,60.25112017,1.040490234,0.078430235,25.79650139,41.71295184,1.002284087,0.001194369,82.15838363,22.93617521,18.84399082,1.023230973,0.010749322,14492.23458,0
595,304.4579127,173.6131531,528.5789822,1.039798404,0.026674242,359.8446521,17458.84014,62824.70256,1.036998816,0.005175599,166.223118,66.32119043,1.038722608,0.058922207,48.90289563,174.6401861,1.021069798,0.001990615,126.3634413,31.6297255,39.96840961,1.024246084,0.012341814,13940.47899,0
596,359.8738519,183.5633894,660.5966401,1.044088991,0.037025441,354.6993093,15383.46915,54565.05882,1.048093169,0.005175599,147.059637,55.95219585,1.042590493,0.045386024,339.361064,5054.10373,1.033664771,0.006768091,159.2727415,38.5000084,61.32001885,1.03613938,0.02508175,11433.30953,0
597,283.6726487,220.7606864,626.2376865,1.042500696,0.057329715,481.8063721,8614.827411,41506.78741,1.038081522,0.009554953,81.52469789,39.00483285,1.040630259,0.03423858,127.9038636,666.6663779,1.038908596,0.00398123,165.4982638,176.8079942,292.6141605,1.062048833,0.00915683,12010.87516,0
598,406.6535453,313.4778811,1274.768917,1.048144686,0.099530755,844.9120356,2076.885755,17547.85771,1.036053964,0.03025735,165.8567307,62.00192688,1.037441628,0.0553391,111.8581469,488.7464297,1.036236862,0.001194369,136.8904741,209.8660032,287.2865668,1.067354181,0.009554953,6951.876793,0
599,428.1255588,696.9401241,2983.778801,1.047024943,0.048571009,836.0000586,1976.803853,16526.08137,1.035613858,0.029461104,214.0094801,72.70675058,1.041024314,0.098734509,135.5862388,216.9106237,1.027452785,0.001592492,217.4641129,149.6585433,325.4536235,1.037274192,0.003184984,6831.233323,0
600,391.1708044,229.3145306,897.011494,1.044019552,0.067680914,586.4415732,5387.117771,31592.2982,1.034573788,0.013934306,242.1249009,78.52401515,1.038829346,0.11983503,0,0,1,0.000398123,0,0,0,0,0,8314.876877,0
601,375.1196825,266.2889942,998.9024298,1.040274453,0.063699684,990.1234146,1470.339895,14558.17958,1.033214078,0.041802917,329.9137982,132.4521221,1.0466106,0.159647332,0,0,1.022591711,0.000398123,26.18914004,139.3372644,36.49123131,1.092661851,0.000796246,5794.458223,0
602,338.7317658,195.4480318,662.0445694,1.041357454,0.068875283,787.6801663,1256.676652,9898.592742,1.04375777,0.050561624,386.3166674,233.6246847,1.050038186,0.097142017,65.55280972,151.1048383,1.022086339,0.001194369,49.48716593,24.08298398,11.91798624,1.036549257,0.001194369,4814.417883,0
603,876.8195005,639.5439693,5607.646236,1.045013614,0.065690299,715.7116532,286.7368108,2052.208769,1.043389888,0.105502601,423.8320334,189.8327853,1.050288736,0.146111149,0,0,0,0,0,0,0,0,0,2864.005524,0
604,938.0823499,875.7493721,8215.250289,1.038255402,0.0553391,624.9944372,422.0316598,2637.674397,1.041511877,0.075643374,320.3361066,120.3896226,1.046803163,0.162434193,0,0,0,0,88.83218146,36.12447596,32.09016004,1.063483332,0.001592492,3811.497089,0
605,666.4719034,277.4234648,1848.949446,1.039807284,0.091966418,698.2093579,774.1600208,5405.25771,1.041669807,0.064097807,485.5122778,189.275891,1.050213423,0.130584351,117.8511302,72.98246263,1.003859821,0.000796246,53.52180241,22.51915385,12.05265703,1.023083858,0.004379353,2809.304794,0
606,284.6788307,85.06594984,242.1647513,1.035664941,0.097142017,626.8291532,4877.320319,30572.46565,1.035964862,0.015924921,254.3551911,106.7043735,1.046542976,0.107095093,62.67831705,90.56885431,1.038245403,0.003583107,217.8241212,90.26745568,196.6242921,1.039057917,0.023489258,7760.952966,0
607,261.5914792,81.29774434,212.667972,1.041079126,0.087188942,299.5617305,23843.30094,71425.40491,1.034059005,0.003583107,131.8401773,74.65725032,1.037150478,0.011943691,88.90351101,257.7615997,1.036995358,0.004379353,296.8846067,85.0683747,252.5549096,1.03482516,0.062505314,10381.60877,0
608,372.0744338,118.9245328,442.487782,1.039531651,0.098336386,337.9515271,14324.46057,48409.73324,1.047806526,0.005573722,122.9650222,43.66694897,1.024297744,0.010351199,92.89019044,214.5193185,1.035128671,0.003184984,423.5133753,128.7252453,545.1686314,1.033519857,0.056533469,8738.1123,0
609,220.3692025,62.47089828,137.6666204,1.034389635,0.083207712,212.8847581,19936.58222,42441.94483,1.052466975,0.00398123,303.354652,123.2409843,1.039694111,0.033442334,124.6754226,233.0555531,1.030959241,0.003583107,397.7472137,321.9492884,1280.544324,1.042467237,0.033044211,7158.160197,0
610,422.0014951,114.735486,484.1854664,1.036419264,0.075245251,565.9647084,1858.780836,10520.04354,1.043334219,0.03025735,358.8832634,196.5034636,1.044322961,0.072060267,97.51094716,498.6441214,1.045128803,0.004379353,353.7889873,904.501302,3200.025996,1.051520242,0.020702397,4244.544461,0
611,658.8850184,437.1747271,2880.478781,1.042814743,0.056931592,772.5243414,1090.585473,8425.03824,1.037008762,0.046182271,378.0230716,200.777318,1.041913327,0.101123248,126.6495526,296.9178148,1.029940832,0.002786861,398.7474375,87.30476235,348.1255027,1.026772145,0.043395409,3905.094704,0
612,540.1580452,540.8350116,2921.363826,1.047127164,0.067680914,614.3292037,409.5282056,2515.851364,1.041044195,0.081615219,597.1283975,237.6890635,1.042634309,0.123418137,96.52568759,313.8245893,1.033931419,0.000796246,102.7950017,37.98230616,39.04391227,1.033928075,0.009953076,2176.909032,0
613,810.8348856,464.8703993,3769.33137,1.042299146,0.079624604,821.6088247,464.1859355,3813.792609,1.037607122,0.075643374,332.9050228,191.5353243,1.05294939,0.125010629,0,0,1.026874303,0.000398123,330.7394888,348.3431611,1152.10839,1.045727799,0.011147445,2803.317053,0
614,400.7836791,140.9720011,564.9927727,1.040404636,0.128195613,914.9146954,520.3520099,4760.777006,1.037309618,0.082411466,548.7747,411.4336392,1.04785157,0.092762664,0,0,1.031411851,0.000398123,125.4048646,74.09203743,92.91501926,1.050180457,0.011147445,2750.533848,0
615,701.2511841,240.6823929,1687.78813,1.040035648,0.083605835,605.1399336,1207.286058,7305.77005,1.031496015,0.040608548,388.998819,162.577695,1.04549058,0.117048168,213.6133302,537.9621101,1.035418948,0.009953076,270.5415703,668.5239756,1808.635261,1.036119685,0.013934306,3081.016622,1
616,411.8073781,165.0161088,679.548511,1.041911758,0.066088422,700.1667645,2641.739781,18496.58395,1.039239293,0.024285504,372.2316933,122.5342225,1.048027599,0.099530755,111.1768379,89.50399732,1.046022482,0.001990615,450.2613861,1089.784684,4906.879622,1.026015026,0.011545568,6519.142669,1
617,749.7111096,1088.37412,8159.661691,1.043425397,0.043395409,950.5050889,1022.942893,9723.124258,1.037385325,0.043395409,209.2201076,66.46487955,1.041300152,0.118640661,0,0,0,0,197.9898987,51.60639423,102.1754477,1.02875145,0.009554953,5703.655849,1
618,543.7150504,7003.33174,38078.1687,1.040239078,0.011943691,511.764961,214.5849663,1098.170669,1.035918936,0.058922207,115.0476263,35.41429623,1.030674724,0.086790819,130.1934062,128.617263,1.025109346,0.002786861,92.18222737,22.70681346,20.93164641,1.022682049,0.015924921,9927.608612,1
619,141.4087799,116062.7806,164122.962,1.095163359,0.000796246,131.7275451,56.07675705,73.86853541,1.038438928,0.062505314,111.850387,37.2046098,1.031613386,0.10271574,0,0,1.021758858,0.000398123,116.0866293,105.7931082,122.8116533,1.072268889,0.001592492,11297.1387,1
620,557.9876877,6276.950239,35024.60949,1.027568139,0.012739937,524.6620818,123.6338595,648.659981,1.035749753,0.092762664,153.0570068,49.08900915,1.037386522,0.163230439,124.4991427,751.7193651,1.049049272,0.000796246,70.7514453,25.06596291,17.73453104,1.024184025,0.002786861,7585.796423,1
621,522.4538858,2558.989069,13369.53783,1.04235089,0.023887381,381.8574039,126.8475084,484.3766026,1.04405312,0.122223768,154.3306231,52.02042834,1.035313477,0.138944935,0,0,1.056640337,0.000398123,598.7861719,964.7938274,5777.052026,1.029046554,0.016721167,4035.311452,1
622,763.6660946,1693.570816,12933.22611,1.038545129,0.032646088,704.8165419,317.1000692,2234.973742,1.04423647,0.091966418,178.7370961,64.39331192,1.040120585,0.143324288,34.47131568,64.04185105,1.041691384,0.001990615,340.281659,393.2950466,1338.310909,1.055284231,0.015128675,4572.110367,1
623,559.540426,2453.649471,13729.1607,1.034226098,0.021896766,964.8286433,454.3582322,4383.778368,1.040835483,0.074050882,254.3946818,88.44104993,1.044792654,0.130186228,133.1293205,377.8678309,1.043801808,0.001592492,119.4282629,59.34735337,70.87751323,1.038185604,0.011147445,4837.614415,1
624,598.238597,1339.337714,8012.435149,1.046440851,0.033840457,646.9877292,689.9535674,4463.914918,1.048930233,0.060116576,258.4267842,81.94739498,1.046026656,0.138546812,159.0330098,528.9033019,1.021835433,0.003583107,192.5219841,68.37847236,131.6435917,1.031603838,0.009554953,3720.217742,1
625,0,0,0,0,0,186.8825496,79.4773223,148.5292463,1.045041422,0.118242538,497.3866102,8143.48901,1.037909172,0.009953076,239.3906688,195.8319586,1.044030428,0.112668815,180.2469136,209.0058966,376.7266779,1.035218872,0.001592492,8206.926803,1
626,28.28427125,25.80319712,7.298246263,1.016189289,0.000796246,400.8268291,148.4484623,595.0212644,1.042451835,0.115455676,879.3726976,1845.852412,1.039026128,0.032247965,371.1923799,548.7238535,1.04549557,0.123418137,265.0327928,1415.162011,3750.643399,1.043523811,0.003583107,5591.227635,1
627,0,0,0,0,0,294.023437,114.8327713,337.6352609,1.043574223,0.120233153,951.9764373,1501.081831,1.037328084,0.040210425,615.2418742,1070.822646,1.042592836,0.142528042,239.3912279,322.539964,772.1323802,1.027772195,0.003184984,5232.770997,0
628,0,0,0,0,0,345.0156589,130.4928245,450.2206783,1.04193652,0.12381626,1013.084155,1028.014331,1.048660716,0.054940977,993.8545561,2394.98498,1.037875039,0.109881954,213.2255057,443.8149904,946.3267576,1.025440156,0.001990615,4769.764403,0
629,70.71067812,20.64255769,14.59649253,1.029026333,0.000796246,448.9806774,106.8347676,479.6674633,1.03909263,0.150888625,936.6111013,1691.152519,1.031685724,0.037423564,939.7131813,1979.000402,1.041312643,0.09754014,40.82482905,20.64255769,8.427288889,1.010500797,0.001592492,5829.799955,0
630,68.71842709,30.96383654,21.27786144,1.037225747,0.003583107,1046.998764,396.4046301,4150.351578,1.033302089,0.085198327,991.3546438,1351.638778,1.04226455,0.045784148,178.5911861,114.0396534,1.038472098,0.066088422,0,30.96383654,0,1.058052667,0.000398123,6937.798675,0
631,0,30.96383654,0,1.058052667,0.000398123,563.0239758,293.882915,1654.631272,1.048371163,0.112668815,1015.002009,1209.089298,1.033086442,0.046580394,542.3547064,580.6294994,1.040655978,0.098336386,65.46536707,24.08298398,15.76601386,1.003208203,0.001194369,5324.403717,0
632,57.28261365,21.28763762,12.19411521,1.018185076,0.006369968,1232.883068,380.0541944,4685.623813,1.042923796,0.103113863,1168.385143,908.1410572,1.034500926,0.062505314,176.1378612,110.5930522,1.038112784,0.062107191,0,30.96383654,0,1.058052667,0.000398123,6293.540933,0
633,62.82398188,30.19929737,18.9724011,1.026861871,0.010749322,1136.552114,792.7005117,9009.454421,1.041936994,0.062505314,1265.92565,473.8260935,1.041949493,0.103511986,151.5337199,65.29170279,1.032197548,0.02508175,0,0,0,0,0,6595.938293,0
634,33.33333333,30.96383654,10.32127885,1.031697149,0.001194369,757.078913,665.9518474,5041.781007,1.042144156,0.071662144,1103.519972,767.8505537,1.04561661,0.062505314,257.8815404,226.6853306,1.035831911,0.047774763,81.31156282,22.70681346,18.46326489,1.007943584,0.001990615,5834.349657,0
635,44.60514967,35.09234808,15.65299438,1.02073044,0.001990615,804.8733976,567.1668595,4564.975172,1.036918259,0.065292176,1009.497306,620.0536012,1.044681751,0.074050882,746.5495017,2459.140136,1.03798387,0.05135787,38.72983346,27.52341026,10.65977096,1.040006319,0.002388738,4834.418141,0
636,109.4204711,35.7275037,39.09320288,1.025457531,0.025877996,899.354835,1908.356453,17162.89603,1.031164557,0.03423858,642.6013044,212.6502657,1.044588976,0.154471733,171.1699196,136.2877049,1.046465969,0.011147445,0,0,0,0,0,6775.162852,0
637,115.5406074,55.31741584,63.91407825,1.040205333,0.035432949,462.5032814,8764.111995,40534.30556,1.032599294,0.00915683,378.0579414,114.3074965,1.045648655,0.154073609,49.94327848,14.4333981,1.027160837,0.00398123,65.99663291,77.40959135,51.08772384,1.021116512,0.000796246,8616.85706,0
638,119.2303183,62.64359994,74.69016359,1.042357065,0.068875283,725.3454113,3357.856051,24356.05479,1.030714056,0.021498643,551.6254403,178.8259547,1.049305237,0.125806875,99.81722933,48.8859672,1.040015836,0.020304274,0,10.32127885,0,1,0.000398123,7369.727747,0
639,114.7433921,46.71383997,53.60104458,1.036695346,0.061310945,1045.424647,1000.781779,10462.41937,1.041682605,0.053746608,690.698915,499.2918642,1.042173898,0.082809589,380.2946671,258.5966223,1.030524174,0.027072365,112.1936388,33.54415625,37.6344095,1.021961945,0.004777476,5466.609746,0
640,340.7086598,113.4546729,386.5498954,1.044337584,0.103511986,1217.155511,492.7133263,5997.087407,1.043016829,0.08042085,525.779762,752.3707042,1.049048379,0.056931592,382.1775753,611.4070051,1.040059698,0.035831072,67.70032004,41.28511539,27.95015524,1.044151726,0.001592492,3702.476032,0
641,610.0451814,628.9041422,3836.599415,1.041836135,0.04737664,293.8091931,239.9563637,705.0138559,1.049613698,0.076837743,497.3032514,270.1145604,1.047453839,0.116650045,557.3753385,2500.188488,1.037707809,0.044987901,63.40802599,24.51303726,15.54323304,1.025439507,0.003184984,2059.370272,0
642,616.262003,1414.365076,8716.194547,1.044411204,0.023489258,294.2772574,144.2051016,424.3628181,1.04317233,0.056135346,427.6373118,164.7091245,1.044901082,0.133371212,342.8773191,4642.435893,1.04572121,0.026276119,284.2114366,317.6660267,902.8431782,1.015720389,0.003583107,3178.651099,0
643,277.1270474,369.4772082,1023.921278,1.05200128,0.033442334,202.0720855,85.71148955,173.1989945,1.046498355,0.018313659,502.1986231,241.2468611,1.045522726,0.078828358,587.8129812,13168.62971,1.037520842,0.029461104,154.9247648,61.68764334,95.56943632,1.032748049,0.01711929,5471.086509,0
644,696.6622875,1736.268464,12095.9276,1.04024472,0.021498643,182.0471867,79.46141184,144.6572648,1.041795015,0.033044211,283.9450529,209.7246158,1.049493819,0.087188942,480.9227733,7035.744129,1.04763775,0.027868612,232.8599504,355.346886,827.4605823,1.044728471,0.002786861,5144.036506,1
645,413.1608173,3805.876007,15724.38842,1.051290913,0.010749322,406.6780525,111.4419162,453.2098144,1.036485191,0.029461104,290.7415388,151.8702459,1.046528621,0.105900724,413.2834809,10809.96402,1.029350588,0.015128675,0,381.8873173,0,1.12762785,0.000398123,5287.264418,1
646,521.9662523,1465.621596,7650.050119,1.041341465,0.013536183,312.2431375,97.72552629,305.1412495,1.043267134,0.031451719,187.1136012,166.5975833,1.049831007,0.067680914,295.4310526,34822.16405,1.049291433,0.005573722,83.84198506,28.89958077,24.22998219,1.023629716,0.00398123,7990.308742,1
647,213.7828375,179.860974,384.5118937,1.046538931,0.024285504,309.2257097,369.0554571,1141.214356,1.047654459,0.014730552,326.2246033,398.4911137,1.055981049,0.054940977,784.7168132,18932.925,1.045822784,0.028266735,39.79949748,23.45745192,9.335947988,1.021644314,0.004379353,8990.533147,1
648,205.0565498,185.6828126,380.7547691,1.047511447,0.041006671,531.2437669,593.9426827,3155.283481,1.044116271,0.048172886,818.9172584,583.898012,1.03876963,0.068875283,731.3691202,3600.083973,1.04788,0.047774763,34.64101615,34.40426282,11.91798624,1.041889034,0.001194369,3592.271527,1
649,277.7572474,126.1982131,350.5246831,1.037209347,0.064894053,757.2608911,1931.502769,14626.51508,1.045911903,0.034636703,682.9577898,212.9936635,1.041057907,0.109483831,417.3254738,287.4030535,1.025069985,0.023091135,0,0,0,0,0,5748.824729,0
650,341.050778,130.1601998,443.9123739,1.036460618,0.087985188,811.4218219,2204.82868,17890.46104,1.036399395,0.028266735,390.1523316,148.3383797,1.04485235,0.154073609,386.7221765,653.2973206,1.033235381,0.019508028,0,185.7830192,0,1.059108925,0.000398123,5604.921892,0
651,531.971738,136.6340724,726.8546494,1.038270883,0.033442334,903.0571546,1771.197331,15994.92422,1.032062998,0.037423564,527.7811943,248.1655283,1.045465735,0.117446291,0,0,0,0,0,0,0,0,0,7207.921039,0
652,792.3960605,706.9649511,5601.962421,1.040255124,0.048172886,1003.471647,1141.756603,11457.20379,1.033018766,0.044191655,208.7662354,72.48002533,1.040484039,0.21339394,28.28427125,7.298246263,1.016189289,0.000796246,0,0,0,0,0,4884.035155,1
653,795.6419118,1129.973608,8990.543619,1.03869347,0.029859227,454.2686562,371.4532376,1687.395631,1.042782128,0.072856513,644.8141415,168.7174127,1.04044565,0.150490502,313.4173415,1527.319715,1.051128973,0.027868612,32.87843876,189.2234455,62.21371466,1.050344746,0.001194369,3181.492897,2
654,202.1132768,82.97764967,167.7088468,1.043060524,0.060514699,744.5774225,2269.281851,16896.56031,1.038051315,0.023489258,397.1796711,253.0026935,1.048664241,0.109483831,492.716087,1956.168469,1.037396083,0.035034826,54.00617249,41.28511539,22.29651063,1.035671659,0.001592492,5491.39556,2
655,522.2915655,152.7345894,797.7198783,1.037252975,0.080818973,705.6319522,3289.857038,23214.28244,1.027967336,0.020304274,315.3976757,125.9444725,1.046257846,0.165221054,50,20.64255769,1.041952675,0.001194369,0,0,0,0,0,6414.453035,1
656,497.5034594,7233.977918,35989.2904,1.034138525,0.009953076,845.879231,248.6936713,2103.648114,1.041676623,0.066884668,174.2063275,58.38171225,1.036724047,0.194682158,0,0,0,0,0,0,0,0,0,6967.238752,1
657,954.4395481,757.7270103,7232.046254,1.048361257,0.050959747,881.9438746,1575.052023,13891.07483,1.032189726,0.033044211,180.8683115,61.5745767,1.037301587,0.151286748,0,0,0,0,47.14045208,30.96383654,14.59649253,1.058416483,0.000796246,6184.719241,1
658,680.6836433,525.0250526,3573.759656,1.046737009,0.05135787,915.9516362,919.7505124,8424.469867,1.043934007,0.046182271,351.1678526,155.1620823,1.041523823,0.11983503,285.635394,2188.414047,1.048623914,0.015526798,0,175.4617404,0,1.063319385,0.000398123,4160.000983,2
659,633.7390919,4315.254677,27347.4558,1.034054621,0.01711929,428.6322247,176.2198004,755.3348509,1.046040138,0.070467775,299.3453656,95.41142051,1.040323288,0.119038784,200.5853462,438.5963148,1.037294809,0.010749322,0,0,0,0,0,7690.755035,3
660,525.2866009,7381.188844,38772.39598,1.047155348,0.011147445,474.5596054,227.5769301,1079.988181,1.046824051,0.056533469,305.099222,68.6435737,1.033832632,0.058125961,128.4802593,554.3016836,1.032946426,0.001990615,0,10.32127885,0,1,0.000398123,11452.14152,2
661,516.5526879,301.6628317,1558.247466,1.046949456,0.070069652,775.6842251,697.2141148,5408.179904,1.04806372,0.070069652,804.3359738,411.0536278,1.040196293,0.070865898,78.20318559,173.5387303,1.02215084,0.002388738,137.7216799,62.66490728,86.30316301,1.02977966,0.005573722,3695.063997,1
662,492.7743701,279.7216151,1378.396427,1.041303922,0.082411466,955.2440249,1554.131431,14845.74763,1.03048807,0.04220104,248.7809225,142.5760105,1.046556204,0.057727838,131.2255541,316.2958634,1.022484121,0.006768091,342.8115178,71.08050526,243.6721589,1.034565054,0.02110052,6707.883989,1
663,134.9377819,51.66857061,69.72042312,1.034094567,0.066088422,445.4294751,10890.49737,48509.4853,1.034453868,0.00796246,293.0047392,138.4771579,1.042899593,0.057329715,37.11056866,270.0351117,1.016278565,0.000796246,336.7865184,169.785037,571.8131149,1.041875654,0.00796246,11564.08209,1
664,235.1183221,47.95618586,112.7537796,1.026525567,0.032646088,345.5695319,18555.93915,64123.67206,1.038617795,0.004777476,275.9656328,88.60214698,1.03448594,0.091966418,78.83134359,421.0588444,1.034146363,0.001592492,97.90817274,33.41295355,32.71401228,1.03036524,0.023489258,11277.35281,0
665,136.0956226,53.83802209,73.27119136,1.041737984,0.014730552,617.648728,5493.037532,33927.67644,1.040092618,0.015526798,610.246526,140.7928294,1.041105248,0.093160787,59.57243853,139.3691166,1.006221644,0.001194369,120.9784906,46.81437191,56.63532054,1.032684664,0.011147445,11493.00972,0
666,110.3570979,31.30787917,34.55046687,1.023813701,0.011943691,761.2867546,3250.187629,24743.24792,1.044156532,0.024285504,578.9101052,285.1775311,1.039252795,0.068875283,117.7525946,360.5560178,1.048377472,0.001194369,210.9725361,61.55905598,129.8727016,1.036837127,0.011147445,11316.15073,0
667,95.03316382,41.82268199,39.74541789,1.029185917,0.03821981,587.4109585,5656.920915,33229.37337,1.041103275,0.014332429,409.2805115,138.5834632,1.0458116,0.106298847,127.4367678,282.7917395,1.043872865,0.002388738,139.0273041,37.27540994,51.82299753,1.034371164,0.0553391,8558.651005,0
668,342.8883242,280.495931,961.7877973,1.04861368,0.040608548,441.1541856,9933.002166,43819.85481,1.03464328,0.008360583,111.9134177,49.52320034,1.040309295,0.086790819,47.48323544,64.93662204,1.014493412,0.001592492,220.1636524,84.90084213,186.9207949,1.044758992,0.012341814,10380.97854,0
669,428.5952813,276.5447412,1185.257711,1.040010961,0.050163501,612.2985888,5437.141051,33291.53793,1.029766486,0.015128675,261.1268656,54.85568572,1.035140449,0.042997286,64.62876148,148.974828,1.030862626,0.001194369,316.252916,88.76299808,280.7155697,1.030803069,0.013934306,11675.05805,0
670,381.5403023,159.1959275,607.3966232,1.037747141,0.062903437,411.5661603,12505.14002,51466.92464,1.027388381,0.006768091,115.3741447,43.47139613,1.036209025,0.080818973,0,0,1.076561721,0.000398123,196.1681575,274.5460173,538.5718636,1.062358936,0.005971845,10694.46964,0
671,771.597916,437.4717044,3375.522555,1.042284656,0.07643962,780.7239006,1160.962795,9063.914019,1.042606496,0.045386024,465.953547,125.0492254,1.044211965,0.10669697,79.93381005,189.7544028,1.007327901,0.000796246,104.47455,141.0574776,147.3691649,1.082232783,0.002388738,4475.397752,0
672,428.6477269,177.5259962,760.9611472,1.045253087,0.08559645,773.2094766,2711.681442,20966.97789,1.036810798,0.026276119,421.2520812,109.992452,1.042213431,0.121825645,0,0,1.062731262,0.000398123,0,10.32127885,0,1,0.000796246,7035.359084,0
673,371.7273118,188.92221,702.2754527,1.042367372,0.086392696,928.3685406,1796.242781,16675.75289,1.032240467,0.036229195,407.1529809,127.7151042,1.045631646,0.143722411,103.2568751,184.7287867,1.037848475,0.001194369,108.2531755,27.52341026,29.7949656,1.024515263,0.001194369,6144.293895,0
674,841.997189,375.6564992,3163.017164,1.043066254,0.086392696,825.5761981,346.2732343,2858.749403,1.04024516,0.108687585,380.2203954,233.3185985,1.049897725,0.128195613,0,0,0,0,0,0,0,0,0,2391.860395,0
675,943.231635,784.7814728,7402.307116,1.049723793,0.067680914,718.683702,197.8763249,1422.104897,1.046851459,0.132176843,394.8716556,123.0989404,1.048010694,0.168406038,0,0,0,0,0,0,0,0,0,3303.74833,0
676,887.4608764,495.874514,4400.692307,1.040111889,0.081615219,597.684865,417.2481112,2493.82881,1.045280121,0.088781434,399.3499214,127.8900279,1.043444995,0.17517413,0,0,1.028456392,0.000398123,0,0,0,0,0,2510.28315,0
677,335.7683583,81.12244958,272.3835172,1.038857219,0.087985188,657.3249999,3920.768352,25772.19056,1.032902672,0.018711782,358.1666842,132.1715358,1.046356268,0.125010629,108.0608392,115.9939096,1.02083789,0.001990615,291.8578258,231.1966462,674.7655049,1.031712375,0.011943691,7126.186634,0
678,539.6895133,146.6900339,791.6707298,1.042898588,0.134963704,513.3392628,6247.126043,32068.95077,1.044295244,0.011943691,74.61886245,37.41463582,1.028828965,0.006369968,104.7545691,148.0413839,1.029873588,0.005175599,275.0834946,119.5991487,328.9975178,1.036073626,0.038617933,7934.310365,0
679,638.876106,175.4077023,1120.637898,1.04589067,0.076041497,388.6445209,6085.68404,23651.67758,1.03965866,0.012739937,152.6347012,54.38520008,1.039328401,0.010351199,234.2727511,534.3767603,1.036245141,0.011943691,717.5856779,152.8839429,1097.073278,1.019732622,0.03821981,7076.645253,0
680,143.3331721,49.43892568,70.86238042,1.032183834,0.039812302,141.409304,121109.886,171260.6468,1.059072066,0.000796246,139.8275731,32.68404968,1.017945599,0.004777476,55.6422934,68.9159551,1.029080418,0.009953076,192.1101717,75.19788874,144.4627932,1.027975156,0.002786861,20040.42975,0
681,129.9568945,57.47075721,74.6872113,1.036690482,0.035034826,506.0492111,8412.636205,42572.07915,1.038366834,0.010351199,172.6084111,78.69975121,1.039388789,0.025479873,74.4046099,106.9645654,1.017425759,0.011147445,281.7163057,1833.059123,5164.026444,1.046130053,0.00398123,14806.40546,0
682,113.3707009,39.5157533,44.79928648,1.03157895,0.027868612,179.6875711,30020.17676,53942.52647,1.068514373,0.002786861,127.0606657,46.09228636,1.034004372,0.029062981,82.45484506,90.03101531,1.021760332,0.015128675,475.580984,521.3120502,2479.260978,1.038130367,0.023489258,9853.762785,0
683,180.3830449,53.53303295,96.56451488,1.031453191,0.029859227,468.7795959,7740.061632,36283.82965,1.045790128,0.00915683,314.9665627,147.9383301,1.041007347,0.041802917,118.7451608,470.9813077,1.033293361,0.002786861,392.2924918,1129.606629,4431.361994,1.030363782,0.017915536,11055.24832,0
684,478.9869702,277.7362308,1330.320357,1.03640692,0.048172886,848.3513887,1906.733395,16175.79923,1.040145044,0.033442334,315.6101813,124.5485664,1.047971245,0.10669697,157.6849387,346.6596773,1.032920814,0.011943691,300.8245466,305.835789,920.0291256,1.048357634,0.022693012,6306.852969,0
685,232.1240281,94.09165832,218.4093475,1.037309824,0.05135787,440.1244467,5105.685587,22471.37044,1.045930577,0.014730552,237.312936,104.6135335,1.040957048,0.055737223,108.7236313,198.2494885,1.030914417,0.007166214,342.5390381,374.4463954,1282.625081,1.043648573,0.03423858,6844.37458,0
686,596.1329915,331.0836892,1973.699101,1.039890548,0.035831072,462.8864925,7577.882929,35076.9965,1.039718002,0.009953076,133.517555,40.312821,1.033102137,0.054940977,82.74488152,124.3685549,1.028679529,0.006369968,436.8079389,406.2035505,1774.329357,1.034917069,0.023489258,9787.164135,1
687,140.6343749,44.56915866,62.67955766,1.034523048,0.043793532,439.490872,6036.036777,26527.83067,1.045733863,0.010749322,172.0764838,55.04682052,1.035213114,0.033442334,83.70460105,96.47313564,1.03326965,0.002388738,483.9282613,1444.214499,6988.962116,1.035449803,0.021498643,8815.424598,1
688,1010.609528,794.3384216,8027.659772,1.037832849,0.05135787,606.691241,930.2168791,5643.544328,1.03721876,0.044191655,188.3170335,70.74815373,1.040916096,0.156064225,67.90087609,155.9333124,1.039894544,0.001592492,354.1004118,542.0336117,1919.343251,1.04220828,0.012341814,4238.368006,1
689,541.8386862,6948.628962,37650.35988,1.029535254,0.011943691,525.3827774,115.325956,605.9027108,1.033631648,0.057329715,245.3454697,62.57586934,1.038182005,0.164822931,0,0,1.022757596,0.000398123,0,10.32127885,0,1,0.000796246,8488.92527,1
690,410.7965661,12293.85737,50502.74393,1.046813966,0.006768091,447.9817926,134.9138592,604.389525,1.038070801,0.061310945,262.2469089,62.01928206,1.03985116,0.134565581,17.32050808,17.87697936,1.028270212,0.001194369,0,134.176625,0,1.046346546,0.000398123,9198.735639,1
691,637.8055631,2244.100519,14312.99795,1.043753953,0.029062981,688.909806,318.2707077,2192.598115,1.043878795,0.065690299,230.4979861,81.50964823,1.041447808,0.158851086,46.16540705,126.2688004,1.045143889,0.001592492,122.037132,38.38225571,46.84060407,1.038876605,0.012739937,4855.998159,1
692,561.6946193,5945.701696,33396.6865,1.026481214,0.012739937,369.4204996,109.3666076,404.022668,1.03979785,0.105502601,184.3110299,60.78547924,1.039343217,0.197867142,0,0,0,0,134.2512493,74.94145945,100.6098456,1.055723439,0.00915683,6612.914201,1
693,950.6993609,1197.185776,11381.63752,1.043743871,0.049765378,455.6398076,186.8444273,851.3375892,1.04284111,0.112270692,542.1530812,123.2731202,1.044805714,0.155267979,0,0,0,0,119.8611322,69.4340577,83.22444769,1.038545958,0.004379353,4529.61471,1
694,0,0,0,0,0,517.5300535,155.5685825,805.1141682,1.045608693,0.120631276,1096.194597,1062.571945,1.042114022,0.0553391,691.701961,1174.528754,1.046021336,0.12779749,228.2002525,183.7187635,419.2466821,1.032249854,0.00398123,5019.888747,1
695,0,0,0,0,0,213.0563927,97.47527998,207.6773153,1.043775118,0.13177872,815.3612412,455.045633,1.042457637,0.090373926,911.5572566,3707.075172,1.042856606,0.099132632,243.0481217,2392.816479,5815.695509,1.021383145,0.002388738,2883.338049,1
696,0,0,0,0,0,601.9220761,111.5023195,671.1570764,1.033507012,0.101123248,1048.180608,984.9751929,1.034930166,0.058125961,660.1540516,2058.690859,1.048846327,0.100327002,84.2541716,92.89150962,78.26497192,1.029814371,0.001990615,5046.563817,0
697,0,0,0,0,0,233.1351427,76.22542196,177.7082463,1.038529087,0.140537427,925.2024881,1757.566341,1.029829908,0.036229195,475.8441229,892.0530856,1.046842096,0.134167458,73.19250547,288.9958077,211.5232724,1.057838811,0.001592492,5566.336533,0
698,0,0,0,0,0,163.0168291,74.55506873,121.537309,1.040914812,0.146111149,1160.007038,683.2143371,1.041551308,0.075643374,684.1818255,2874.827311,1.042078735,0.075643374,172.849913,3542.778964,6123.690356,1.045745187,0.001592492,4264.841625,1
699,0,0,0,0,0,235.0096548,75.78583876,178.104038,1.043568698,0.12779749,999.7026562,450.1762684,1.042179145,0.09754014,925.1830582,7226.848651,1.04264819,0.054940977,0,8762.765741,0,1.065424591,0.000398123,4168.029785,1
700,0,0,0,0,0,375.0485644,164.8712108,618.3471093,1.046871116,0.137352443,1090.387404,830.6142416,1.041384523,0.066088422,811.7685266,1721.370081,1.044143428,0.105900724,0,10.32127885,0,1,0.000398123,4320.805597,1
701,0,0,0,0,0,849.8920049,271.515662,2307.589904,1.040659343,0.118242538,940.8214094,1406.6842,1.032791981,0.042599163,232.0010076,218.784798,1.044111255,0.084402081,0,30.96383654,0,1.022753969,0.000398123,5738.531413,0
702,0,10.32127885,0,1,0.000398123,465.9917228,207.2632459,965.8295704,1.046428747,0.137352443,887.0514216,1839.550337,1.034029425,0.033044211,262.2251753,266.9731619,1.044922228,0.105502601,0,0,0,0,0,5682.980088,0
703,0,10.32127885,0,1,0.000398123,704.5458049,272.9995989,1923.407221,1.045624758,0.115853799,894.4303295,1598.849138,1.031828443,0.034636703,194.6115468,187.9636866,1.046814133,0.092364541,209.7737674,1021.806606,2143.482213,1.047757487,0.00398123,5516.113962,0
704,0,30.96383654,0,1.022753969,0.000398123,916.6052267,964.1548911,8837.494126,1.042782378,0.055737223,815.2525996,496.1789097,1.046505618,0.086790819,168.2783034,135.14843,1.047015878,0.03821981,144.3007418,57.79916154,83.40461885,1.01648558,0.001990615,5611.980597,0
705,0,0,0,0,0,902.8136939,919.0990548,8297.752127,1.043897753,0.056931592,981.8250657,378.9166171,1.047952025,0.107891339,258.0468339,287.8896301,1.039831834,0.060514699,113.137085,51.60639423,58.3859701,1.011217671,0.000796246,4893.413773,0
706,0,0,0,0,0,631.5796894,696.6092977,4399.642839,1.038203653,0.053348485,763.2563724,375.562789,1.05127257,0.09355891,498.8792997,3054.308571,1.043435469,0.033840457,274.8745658,2191.981595,6025.199892,1.040483987,0.003184984,3474.998604,0
707,45.41475531,27.52341026,12.49968942,1.043117581,0.002388738,711.7007393,735.5116935,5234.64216,1.036449341,0.042599163,1025.675754,755.6552286,1.042542468,0.059718453,823.2722213,2124.305541,1.043981283,0.061310945,261.4285954,2746.934642,7181.27265,1.022873613,0.002786861,5525.113696,0
708,134.40298,54.80453697,73.65893086,1.035985263,0.028266735,775.8439897,2607.679292,20231.52306,1.036800856,0.02508175,592.3242723,266.31013,1.043802638,0.116650045,365.137347,255.8458971,1.034337279,0.028266735,0,0,0,0,0,7292.686042,0
709,114.2177508,47.45859058,54.20613474,1.032831534,0.042599163,1045.345942,1029.424693,10761.04925,1.033446011,0.050163501,706.5685207,401.9366981,1.03676425,0.103910109,149.1856289,70.52602255,1.03461946,0.096743894,0,0,0,0,0,4758.345184,0
710,107.8310052,38.97929777,42.03176862,1.026376472,0.037423564,1130.962638,490.8195406,5550.985626,1.034909506,0.062505314,729.8109185,1055.072881,1.037993346,0.051755993,325.0626636,289.3965584,1.04157042,0.14889801,0,0,0,0,0,4086.086593,0
711,120.6476032,51.60639423,62.26187774,1.035316979,0.031053596,774.0630093,508.9389305,3939.508001,1.038480585,0.061709068,930.4112953,829.6243937,1.045543428,0.059718453,395.763473,504.9515305,1.044767442,0.135361827,94.63716256,49.31277671,46.66821266,1.041126169,0.003583107,3952.077776,0
712,338.6335544,103.7497336,351.3314105,1.043676875,0.068875283,350.5654643,381.5613822,1337.622431,1.050139348,0.037821687,941.6607472,875.2134048,1.038531076,0.052950362,539.6381317,1996.044984,1.040503677,0.08559645,198.3898081,95.70640385,189.8717509,1.03469445,0.004379353,4007.719542,0
713,249.8075235,170.9461809,427.0364211,1.044906825,0.050959747,184.3297911,112.180457,206.7820019,1.044724941,0.024285504,429.5937555,480.2597819,1.052296625,0.057727838,745.1423983,12108.13636,1.041795321,0.037423564,24.74358297,24.08298398,5.95899312,1.014001062,0.001194369,5789.506241,0
714,628.3053609,664.0022725,4171.961875,1.043758345,0.023887381,235.9086388,82.07281974,193.6168719,1.036943114,0.033044211,227.5529097,185.7300896,1.050822244,0.077633989,384.106724,14668.54864,1.042348952,0.017517413,107.1516751,92.89150962,99.5348086,1.035527878,0.001194369,5310.266411,0
715,593.6215678,608.2823251,3610.895075,1.040040097,0.018313659,105.1476651,47.5785781,50.02776394,1.032061605,0.016323044,429.6574421,354.0711048,1.049475409,0.056135346,570.819327,25678.01004,1.040116713,0.015128675,68.1997453,42.43192415,28.9384642,1.029557089,0.003583107,9718.957795,0
716,209.7263781,124.4287505,260.9599118,1.040047711,0.028664858,281.0321759,346.9537582,975.0516957,1.044382299,0.005175599,640.2826762,545.9691862,1.052425874,0.031053596,822.0259963,22244.34094,1.037548436,0.028664858,58.92857143,32.1106453,18.92234455,1.022621355,0.003583107,12236.24894,1
717,175.2106413,116.1368246,203.4840752,1.043292401,0.045784148,323.2385224,2007.26436,6488.251658,1.043275617,0.00915683,558.9739649,296.7967743,1.039019723,0.06847716,797.0277414,15950.88406,1.037820565,0.027868612,64.14047084,30.35670249,19.47093191,1.025914396,0.006768091,6960.942464,1
718,157.8700256,115.6568835,182.5875516,1.04687347,0.056135346,583.8122697,1150.048495,6714.124225,1.04365762,0.031849842,335.932168,383.9422326,1.044875064,0.087985188,638.3110297,2722.955458,1.044452183,0.054144731,0,0,0,0,0,2940.410284,1
719,194.2528841,153.1544603,297.5069562,1.045857746,0.024683627,778.0965762,1199.71965,9334.97752,1.043388006,0.031849842,820.0716705,426.1403541,1.046962382,0.092762664,455.9318743,1172.196172,1.053482154,0.070467775,130.5695452,113.5340673,148.2409154,1.02243444,0.003184984,4234.403953,1
720,329.8955349,167.9341912,554.0073982,1.041426171,0.052950362,771.4633111,2001.872746,15443.71377,1.042576107,0.027072365,752.9521552,254.3748251,1.04372311,0.101123248,489.9256811,1348.938303,1.042250075,0.040608548,0,20.64255769,0,1.009624609,0.000398123,5576.276166,0
721,243.3397262,102.1560022,248.5861362,1.040183726,0.116650045,587.1182076,5479.124599,32168.93814,1.03431722,0.013934306,422.0601177,85.27994705,1.038295799,0.134963704,87.30477267,35.40023549,1.039277925,0.005573722,0,0,0,0,0,7297.265682,0
722,90.46037917,33.44094346,30.25080425,1.024206606,0.029859227,796.3966612,2853.910626,22728.44894,1.034930063,0.026674242,578.6741586,195.3670639,1.04341615,0.117048168,0,0,1,0.000796246,0,0,0,0,0,8934.283194,0
723,749.8256363,401.8892439,3013.46858,1.040851297,0.057727838,933.7428984,1195.27652,11160.80963,1.043221962,0.045386024,566.4833466,128.4975652,1.043157997,0.174377884,47.27843551,14.23257256,1.026052313,0.004777476,0,0,0,0,0,4711.96605,1
724,872.7534189,544.0923693,4748.584755,1.03442161,0.043395409,369.050455,398.3491038,1470.10918,1.049806089,0.062903437,482.7979617,220.2611562,1.044550602,0.129788105,559.0893206,3089.747576,1.042342823,0.041006671,14.14213562,103.2127885,14.59649253,1.033102627,0.000796246,2434.251994,2
725,239.4270445,123.7878868,296.3816789,1.038122182,0.060912822,695.6503166,2575.754531,17918.24455,1.039504148,0.020702397,596.3636922,244.7525688,1.048696895,0.12779749,441.6273972,774.8871171,1.04015872,0.044589778,106.0660172,41.28511539,43.78947758,1.030639381,0.000796246,5219.356501,2
726,642.9151731,1203.733323,7738.984177,1.039769647,0.036229195,761.5422944,828.3910442,6308.548165,1.035666889,0.04737664,404.5071512,73.0442869,1.037748567,0.227328246,204.4462362,552.8584126,1.041641763,0.001990615,0,0,0,0,0,3617.729523,1
727,732.2405468,1002.443545,7340.298099,1.043535345,0.048172886,875.7450706,708.4219985,6203.970731,1.046822206,0.053746608,161.8961709,64.51772985,1.039537994,0.211005202,84.85281374,21.89473879,1.031356434,0.000796246,0,0,0,0,0,3862.374377,1
728,513.7662781,844.8157871,4340.378626,1.04488303,0.042997286,967.5275054,1022.335902,9891.381051,1.042850696,0.046580394,249.0532417,85.57194498,1.041049181,0.177960991,246.0630329,638.0959006,1.044111518,0.003184984,0,0,0,0,0,4458.718806,1
729,718.8619335,2098.004713,15081.75724,1.030206763,0.02508175,404.5299702,173.7415273,702.8365485,1.044146427,0.083605835,395.0627712,130.2643198,1.039619492,0.159647332,335.6848315,1811.541444,1.047932181,0.022294889,94.28090416,30.96383654,29.19298505,1.008481975,0.000796246,4486.294815,1
730,783.1725406,1070.124805,8380.923623,1.036726234,0.044987901,379.7363151,209.4967867,795.5353782,1.043017845,0.081615219,725.49177,199.2927186,1.040140893,0.125010629,276.2101535,655.4195438,1.054127864,0.041404794,84.85281374,25.80319712,21.89473879,1.043277597,0.000796246,3448.749408,3
731,611.3991504,4651.372421,28438.45146,1.03211081,0.016323044,272.0207812,193.4666379,526.2694598,1.043379946,0.071662144,557.7918305,85.65176367,1.031343395,0.1106782,132.0424789,101.0778373,1.048323651,0.009554953,0,0,0,0,0,7979.642283,2
732,967.9511413,1303.700616,12619.18499,1.036051215,0.043395409,829.1112746,330.0121398,2736.167859,1.041801215,0.07643962,611.3370742,254.2677401,1.039375231,0.067680914,79.3944394,323.6835984,1.02331719,0.002388738,43.30127019,13.76170513,5.95899312,1.018880112,0.001194369,6318.589316,2
733,298.6869297,83.97767789,250.8303477,1.036746655,0.096345771,477.0621526,8029.506191,38305.73508,1.027011933,0.00915683,287.5083281,95.73512726,1.040308105,0.078032112,329.0018551,2522.534774,1.032063596,0.013934306,75.49357398,32.1106453,24.24147376,1.034440616,0.007166214,8130.486785,1
734,296.4610097,81.51272269,241.6534407,1.037045469,0.097142017,558.6657374,2711.002981,15145.44479,1.048435097,0.025877996,667.2338896,279.4684734,1.048225821,0.051755993,344.3612732,2379.924946,1.025012135,0.009953076,151.3097299,52.34362844,79.20100282,1.039950216,0.011147445,5646.175329,1
735,257.4553671,64.12242778,165.0866318,1.031743752,0.069273406,244.6271185,39272.46601,96071.10198,1.051981436,0.002388738,116.4692257,34.88330952,1.033767343,0.031451719,0,0,1.004528193,0.000398123,94.62118179,59.037715,55.86218364,1.043667871,0.009953076,13939.84978,1
736,156.2943586,65.4586369,102.3081567,1.038029896,0.03025735,315.7851305,22940.07436,72441.34378,1.039672457,0.00398123,270.7753742,65.71916327,1.036397574,0.078032112,104.4347127,349.5475038,1.028892131,0.002786861,105.2246464,39.47889159,41.5415241,1.031235415,0.015924921,12628.63311,0
737,101.602482,37.73188824,38.33653495,1.033647791,0.024285504,624.7376641,4896.930749,30592.97077,1.03033486,0.015924921,361.0488755,179.2013342,1.048391438,0.109881954,103.8125848,237.064648,1.02473606,0.003184984,147.5615085,55.2687835,81.55545068,1.040625949,0.012341814,9497.502973,0
738,218.0079303,73.65264585,160.5686089,1.036313916,0.049765378,1088.730491,1056.576871,11503.27456,1.033849151,0.056135346,887.0050497,319.2007267,1.045084832,0.108289462,179.9012597,565.0010817,1.046172876,0.002786861,275.8582633,62.08894306,171.27748,1.037000707,0.025479873,5847.301888,0
739,181.9754565,113.5340673,206.6041372,1.038541209,0.041802917,477.1987664,9150.486824,43666.01024,1.04000968,0.00915683,477.0285804,98.58748508,1.039183846,0.095947648,73.79632607,220.8850132,1.061217825,0.001592492,133.6075384,72.44369304,96.79023501,1.049319692,0.02110052,10150.40524,0
740,496.1641068,356.7033969,1769.834223,1.043053214,0.039812302,698.6731681,3972.866654,27757.35331,1.040016019,0.019906151,178.6782393,74.7402951,1.041170156,0.080818973,118.6114601,379.5088057,1.032627427,0.000796246,199.1008881,55.40897065,110.3197527,1.036160369,0.007564337,10186.16783,0
741,478.4216604,250.0475856,1196.281811,1.038902296,0.04220104,455.3456511,9983.134092,45457.76693,1.044142112,0.008360583,173.1928835,60.82966469,1.040446473,0.09355891,0,0,1.030853439,0.000398123,87.32348034,19.99747777,17.46249356,1.010267832,0.006369968,10717.03975,0
742,436.8527454,158.502106,692.4208015,1.03937185,0.090373926,475.6096544,8219.178388,39091.20593,1.044923802,0.009554953,143.3671575,44.81155233,1.034818674,0.095549525,216.9555704,945.4648855,1.03360669,0.003583107,161.0659127,112.4663488,181.1449512,1.050809049,0.011545568,8345.582702,0
743,385.7732683,258.4323656,996.9629832,1.044754809,0.092364541,800.0848494,1991.377471,15932.70944,1.031775818,0.032646088,671.2478083,115.4106635,1.040066947,0.096345771,0,0,0,0,0,0,0,0,0,6175.59969,0
744,727.4915029,451.606544,3285.399234,1.043342973,0.081217096,770.8469121,556.800584,4292.080108,1.044560649,0.082411466,420.1859254,128.8931132,1.046094032,0.133769335,44.60712856,64.45636574,1.004473558,0.001194369,84.85281374,25.80319712,21.89473879,1.031356434,0.000796246,2852.773147,0
745,457.2725852,181.5828774,830.3287177,1.047277499,0.126204998,898.5887517,802.7111956,7213.072512,1.043980486,0.066486545,393.4954139,166.4414631,1.04937328,0.142129919,0,0,1.018629051,0.000398123,0,72.24895193,0,1.041482341,0.000398123,3280.331507,0
746,477.5198831,168.1017198,802.7191361,1.042261979,0.142926165,1023.495421,999.1463545,10226.21719,1.040457576,0.052950362,362.1215226,142.5404199,1.048133086,0.161637947,0,0,0,0,60.60915267,36.12447596,21.89473879,1.013294279,0.000796246,3977.638012,0
747,329.2787972,205.8917177,677.9577716,1.042941848,0.092364541,809.5451518,2351.606156,19037.31362,1.039294449,0.027470489,272.3626704,95.82623469,1.042889191,0.165221054,106.0377291,182.4074951,1.058728743,0.001194369,159.6644133,66.69134024,106.4823371,1.029481167,0.005175599,5858.367888,0
748,262.4620322,71.07607933,186.5477222,1.038903167,0.070069652,487.3038163,8558.49043,41705.85049,1.03725023,0.009554953,209.5279056,79.98991106,1.045163144,0.085994573,250.862025,1364.887201,1.039444329,0.005573722,501.4996084,178.0969605,893.1555596,1.034402887,0.018711782,9361.139361,0
749,557.1738812,122.8232183,684.3388922,1.036172458,0.107493216,713.6494832,3813.712534,27216.53979,1.036439531,0.020702397,175.3962505,52.61334827,1.034550963,0.016323044,98.33193123,211.6814959,1.030862744,0.008360583,348.1727626,140.0586441,487.6460505,1.039682522,0.037025441,9000.21728,0
750,559.0372206,96.52994605,539.6383274,1.041759646,0.1106782,455.1064531,9529.489312,43369.32081,1.045112318,0.008360583,111.7813447,38.33617857,1.015113374,0.002786861,141.1035243,469.6789447,1.031805479,0.003184984,596.7533138,236.5866473,1411.838658,1.041366193,0.035831072,9917.397889,0
751,364.7093344,59.12240242,215.6249203,1.040824883,0.077633989,199.9270478,56591.57192,113141.859,1.065507942,0.001592492,53.96295025,19.84861317,1.016985067,0.005175599,89.79801325,152.3328832,1.028965715,0.015526798,285.5980017,149.0584689,425.7080086,1.047735787,0.01711929,13195.73693,0
752,152.9023269,44.557716,68.12978459,1.037320399,0.016323044,141.3842864,118127.0364,167013.0675,1.081114416,0.000796246,47.91574237,24.08298398,1.014475463,0.003583107,151.2849583,274.5557038,1.031751945,0.019109905,148.2680557,77.21845656,114.4903042,1.045711177,0.021498643,19028.37443,0
753,127.5131211,38.47022116,49.05457968,1.028105622,0.008758706,330.6033204,20031.72565,66225.55011,1.043071577,0.004379353,121.3773929,41.04784461,1.031192458,0.034636703,103.4011834,199.9282117,1.035405868,0.023887381,237.135158,115.7112121,274.3919656,1.045954473,0.050959747,12514.96636,0
754,115.0300528,39.47191775,45.40456785,1.031232814,0.029461104,363.3035416,5451.699487,19806.21731,1.039610134,0.011943691,126.0087614,46.63138932,1.031602745,0.0553391,357.8167509,2956.444921,1.030050382,0.015128675,368.4940145,349.4600159,1287.739241,1.041107734,0.053348485,5539.321033,0
755,105.8820169,48.31236907,51.1541108,1.034220671,0.037423564,300.5047867,11183.10563,33605.76772,1.049539362,0.007166214,215.1139838,73.96916507,1.040201008,0.035831072,187.7739216,532.3984065,1.028917138,0.006768091,415.1336059,316.4870644,1313.844163,1.047161218,0.042599163,8125.798767,0
756,498.9596067,199.9331596,997.5857068,1.040480729,0.049367255,609.7154694,5444.202979,33194.14775,1.036220043,0.015128675,208.8425339,53.08086264,1.037503821,0.091966418,113.8354302,320.1676669,1.013917882,0.001592492,251.8574525,139.1026899,350.3404912,1.044402999,0.017517413,9757.203591,0
757,668.5877009,616.5284613,4122.033465,1.047206165,0.067282791,945.7121022,638.1190654,6034.769228,1.037946089,0.06847716,200.5658871,74.30417375,1.044330392,0.181942221,0,0,1.003060967,0.000398123,136.5425417,200.6198576,273.9314527,1.050691229,0.006369968,3353.342986,0
758,834.1685694,455.7745675,3801.928189,1.03392788,0.050163501,989.7514038,1489.734239,14744.66554,1.04374192,0.046182271,116.0005945,40.77958336,1.0339081,0.09754014,33.41034188,90.51983192,1.040558254,0.001592492,323.0101435,154.1741028,497.9979906,1.050591053,0.025479873,6980.734152,1
759,421.3820611,153.0878714,645.0848278,1.036544694,0.061709068,496.4306871,4497.755289,22328.23749,1.035467901,0.015924921,129.4140335,48.22852116,1.034924295,0.087587065,225.227692,836.8696126,1.024338882,0.003184984,399.1820546,429.8355368,1715.826327,1.040172128,0.031451719,6388.345871,1
760,828.441256,1301.161659,10779.35999,1.046026895,0.036229195,793.4655199,1027.89616,8156.001613,1.040992129,0.039812302,169.2462897,50.32424779,1.036982646,0.128195613,125.8952766,264.752802,1.038877186,0.003184984,439.2139508,310.1676617,1362.299641,1.041344782,0.015526798,5558.013,1
761,806.154566,2155.402837,17375.87839,1.035359585,0.028266735,530.9877891,405.3086809,2152.139604,1.040248927,0.062107191,201.8035778,69.57581496,1.042067634,0.1660173,20.20305089,43.78947758,1.046908236,0.000796246,392.8811286,182.342593,716.3896371,1.026505387,0.011943691,5727.223805,1
762,579.1893747,3089.853865,17896.10528,1.045802321,0.019508028,557.8867317,539.453292,3009.538339,1.036630265,0.049367255,491.6434403,107.3273523,1.038591701,0.117844414,64.28243465,72.98246263,1.037444387,0.000796246,204.710107,63.40214149,129.7905917,1.038066243,0.005573722,5917.250723,1
763,840.3588832,1647.252377,13842.83168,1.038035817,0.034636703,981.866481,312.7542232,3070.828885,1.043439059,0.084402081,473.013003,104.9065368,1.040326832,0.155267979,103.069802,313.8245893,1.050085023,0.000796246,70.71067812,20.64255769,14.59649253,1.011376984,0.000796246,5203.311514,1
764,0,0,0,0,0,345.8351176,111.0659354,384.1050083,1.046414102,0.109881954,1095.169337,1041.378809,1.030463428,0.053746608,384.7197612,967.1734124,1.044122343,0.122621891,148.4763495,313.508845,465.4864884,1.019898995,0.003184984,4957.39953,0
765,0,0,0,0,0,246.997904,87.26616807,215.545606,1.037741598,0.084003958,977.8215396,1261.427647,1.033490278,0.044191655,908.0711637,2548.693361,1.051645828,0.121427522,334.4114687,595.1937468,1990.39615,1.020687359,0.004777476,5438.637821,0
766,0,0,0,0,0,230.5541414,70.57440816,162.7122208,1.042498339,0.134963704,683.551752,366.5417178,1.049379102,0.105502601,1078.516369,8568.566359,1.040598405,0.062903437,305.3597847,328.0692205,1001.791465,1.034618996,0.005573722,4136.927803,0
767,0,0,0,0,0,174.1852382,58.2878018,101.5287464,1.037106431,0.082411466,657.7702361,613.3486117,1.042455564,0.077633989,1190.204561,6861.179191,1.035406562,0.075643374,222.6291293,907.3342404,2019.99032,1.041609858,0.004379353,4490.583765,0
768,0,0,0,0,0,536.1059335,98.63637237,528.7954449,1.036493097,0.084402081,896.5592636,1048.014559,1.041239321,0.040608548,622.9528689,2733.442723,1.045432935,0.076837743,257.5861948,5526.307588,14235.00543,1.049280241,0.002786861,4809.949779,0
769,0,0,0,0,0,340.8048728,111.4638108,379.8740986,1.045109548,0.13695432,898.6649554,621.3409866,1.052449448,0.069671529,622.2404767,2226.777323,1.04430362,0.091170172,270.858684,1384.341525,3749.609237,1.044701648,0.006369968,2999.616825,1
770,117.1945728,37.15660385,43.54552316,1.022289438,0.001990615,436.9382887,151.2138045,660.7110096,1.045622171,0.116251922,752.5205601,551.923014,1.04179393,0.069671529,1083.001411,4249.704251,1.042729716,0.08559645,238.4022367,4314.294558,10285.37472,1.034405506,0.002388738,3321.868867,1
771,0,0,0,0,0,659.862434,227.9656371,1504.259602,1.041508928,0.128195613,1010.089593,769.4784993,1.038779427,0.060514699,844.2935205,1642.217101,1.040415587,0.1106782,219.7580451,1347.959017,2962.248386,1.019533624,0.001990615,3757.440097,0
772,0,20.64255769,0,1.056640337,0.000398123,694.8145861,257.9658091,1792.384069,1.052830002,0.124214383,947.9250868,989.2252554,1.042585755,0.053348485,366.8229604,452.2673902,1.040699637,0.102317617,236.2981276,918.5938173,2170.619991,1.036740462,0.002786861,4253.823461,0
773,0,0,0,0,0,532.8414821,261.7045735,1394.470528,1.048302667,0.129788105,1064.812463,1059.24172,1.033911251,0.050163501,448.9350728,457.823409,1.037532321,0.116650045,144.0703478,279.8213376,403.1395743,1.035169797,0.003583107,4706.535657,0
774,0,20.64255769,0,1.009624609,0.000398123,308.9828096,155.2522433,479.7027435,1.04798167,0.113863184,777.4323529,2390.440947,1.030574789,0.02508175,476.2698049,839.4679779,1.041412341,0.097938263,356.3752491,609.4469414,2171.918056,1.038484415,0.008360583,5979.596343,0
775,0,0,0,0,0,977.1608329,267.0440612,2609.449973,1.048374962,0.134963704,1116.219074,574.5342412,1.038516487,0.080818973,498.9205911,886.2806666,1.045199893,0.086790819,240.113176,661.852006,1589.193872,1.043235745,0.003184984,3755.359846,0
776,0,0,0,0,0,1072.354855,487.1338553,5223.803546,1.041348925,0.080818973,1103.506043,351.0377385,1.048205937,0.107891339,527.0300606,1081.340035,1.040870619,0.075643374,277.0459507,1135.985753,3147.202529,1.029636821,0.006369968,3828.185798,0
777,0,0,0,0,0,779.0283538,466.4401666,3633.701152,1.04376866,0.070467775,1017.842565,633.0384359,1.048212051,0.06330156,661.5648372,906.9540577,1.037445386,0.070467775,325.0907762,3361.561126,10928.12516,1.029957491,0.005175599,4492.077963,0
778,0,0,0,0,0,466.4295833,258.8375344,1207.294833,1.046222117,0.081615219,776.2029081,940.0202696,1.040465378,0.031451719,187.8368722,129.5415273,1.037665172,0.061310945,285.8731309,12581.63891,35967.52508,1.04928572,0.003583107,6021.191678,0
779,0,0,0,0,0,1125.706335,866.7046484,9756.549128,1.028487683,0.058125961,629.3946354,480.5481572,1.048664352,0.077633989,590.4765711,643.1161031,1.03314285,0.056931592,211.2480645,3071.612585,6488.722134,1.056146381,0.001990615,5704.285644,0
780,0,0,0,0,0,894.1510707,689.5383557,6165.514591,1.043999336,0.064097807,745.7506673,608.310372,1.047866815,0.070069652,573.9954606,872.1985052,1.042708704,0.085994573,0,278.6745289,0,1.030172229,0.000398123,4226.846235,0
781,121.2090526,29.2436234,35.44591888,1.020639449,0.007166214,828.1022378,786.8299588,6515.756497,1.04892725,0.061310945,1068.349584,593.4478589,1.046613424,0.080022727,133.9650081,65.84558692,1.036971895,0.082013343,60.60915267,36.12447596,21.89473879,1.027154835,0.000796246,5016.174153,0
782,98.20639957,42.57527524,41.81164492,1.031687083,0.003184984,883.6668229,1825.894941,16134.82782,1.034578508,0.033840457,784.8799795,242.9646195,1.0486028,0.143722411,158.6218853,64.87634007,1.028746069,0.053348485,124.6456141,101.9226286,127.0420864,1.038059088,0.009554953,6185.901345,0
783,126.3390053,52.06716561,65.7811391,1.029960621,0.044589778,822.3124983,661.8450322,5442.434419,1.043938469,0.073652759,1132.423482,583.0984982,1.040469049,0.07643962,169.4195204,83.19494339,1.033595473,0.077235866,231.3041555,79.12980449,183.030526,1.024551915,0.007166214,4446.117577,0
784,279.1991175,88.33210974,246.6224709,1.041340758,0.082013343,402.2943264,239.5291908,963.6123447,1.043209495,0.065292176,757.359397,1274.067539,1.03968711,0.037025441,1098.27606,4489.026819,1.035913675,0.072856513,88.38834765,82.57023077,72.98246263,1.051268426,0.001990615,4384.068614,0
785,340.9727292,257.9364038,879.4927954,1.045059771,0.042997286,265.0137341,293.6356487,778.1747972,1.052611648,0.043395409,902.8156593,636.2671437,1.04595469,0.051755993,926.6411666,7920.900302,1.037842103,0.050561624,0,41.28511539,0,1.034513382,0.000398123,5102.18694,0
786,323.0940159,251.6551301,813.082666,1.047778482,0.062505314,514.2930673,776.1833631,3991.857226,1.052658129,0.035432949,461.3901048,270.4912292,1.044593214,0.111474446,602.2483959,4282.409066,1.04281275,0.037423564,0,10.32127885,0,1,0.000398123,2434.786108,0
787,515.5685981,387.1802808,1996.179946,1.046199017,0.062107191,738.0566074,833.6212199,6152.596494,1.049975988,0.046182271,626.6746674,180.8051818,1.040969896,0.146111149,290.6499359,857.1994775,1.048809251,0.037423564,0,0,0,0,0,2752.844834,1
788,372.3549838,241.1004351,897.749486,1.04922629,0.070865898,522.0273703,1053.721086,5500.712478,1.045856406,0.03025735,683.1480948,294.3357744,1.048887822,0.103113863,656.8727156,2665.82536,1.047906086,0.050959747,0,0,0,0,0,2621.271956,1
789,431.3381522,199.6108864,860.997909,1.045852011,0.062107191,394.9477636,1121.114046,4427.81485,1.050925399,0.029461104,988.0999798,441.9383943,1.042900898,0.091966418,451.5302969,678.0538475,1.046866211,0.092762664,0,0,0,0,0,2966.212727,1
790,322.9258715,287.1394626,927.247612,1.046790549,0.0553391,538.2077538,781.642655,4206.861376,1.046273879,0.037025441,1193.542689,377.2203043,1.041772058,0.091568295,496.9305201,1413.845309,1.049428374,0.07245839,0,30.96383654,0,1.022753969,0.000398123,3241.936275,1
791,381.6608825,420.1798726,1603.66221,1.050794771,0.067282791,945.0980634,1215.113548,11484.01461,1.036426811,0.042599163,380.5354342,112.4912438,1.045113129,0.153675486,261.1518197,502.1183802,1.048779059,0.013934306,0,0,0,0,0,4579.158526,0
792,189.354984,57.89687779,109.6306237,1.033515234,0.067282791,620.0150295,4419.055538,27398.8085,1.036946523,0.015924921,364.8833752,148.3787047,1.047041563,0.149296133,261.6573053,309.5073299,1.036882164,0.03025735,0,0,0,0,0,6757.375757,0
793,511.9018533,150.6906712,771.3883384,1.034006016,0.053746608,557.3004306,5732.502779,31947.26268,1.029902798,0.012739937,763.6812659,112.25923,1.040164152,0.167609792,57.5639598,11.03391121,1.009055316,0.002786861,0,0,0,0,0,7451.502866,0
794,778.808143,1738.62669,13540.56624,1.038292226,0.028266735,492.1659597,458.353566,2255.860227,1.042132519,0.074050882,321.8486096,81.09576237,1.037354286,0.206227725,83.26399131,43.92442236,1.041925427,0.003583107,0,0,0,0,0,4226.599466,0
795,455.8807086,273.4617618,1246.659417,1.045296465,0.078828358,792.5579705,2272.806315,18013.30761,1.034848533,0.027072365,219.4016009,77.12707459,1.041329823,0.218171416,99.62677355,26.9922374,1.017126062,0.003184984,0,0,0,0,0,5218.08569,1
796,139.8607798,77.0074636,107.7032391,1.041049831,0.061310945,647.2485026,3452.037721,22343.26246,1.044986815,0.019109905,582.586842,172.4965111,1.043376232,0.144120534,229.633861,961.8717163,1.054815035,0.009554953,138.3419157,46.87580809,64.84889091,1.026141488,0.009554953,6311.082737,1
797,356.5499617,639.3988879,2279.77649,1.048851787,0.04737664,614.8306681,965.1634275,5934.12075,1.044682251,0.049765378,395.843388,111.2673472,1.040694025,0.186719697,222.9636321,270.7376259,1.036765893,0.006768091,41.97347797,32.68404968,13.71863239,1.023560707,0.002388738,2648.885861,1
798,581.2609631,548.5724601,3188.637565,1.045276032,0.058524084,917.3918399,1225.354134,11241.29883,1.044727331,0.041404794,343.1490948,86.60718258,1.044155908,0.197469019,28.86751346,5.95899312,1.023558353,0.002786861,0,0,0,0,0,4413.004915,1
799,498.6564462,647.0295028,3226.454324,1.051495043,0.053746608,657.3108975,652.2494068,4287.30643,1.045693297,0.05932033,470.7914029,130.1452549,1.041650381,0.169202284,298.6777232,576.1527407,1.051078292,0.023091135,68.69780022,28.89958077,19.85337626,1.023884403,0.001990615,2372.828143,1
800,855.1041154,1797.708743,15372.28145,1.035637321,0.031849842,421.9145006,329.6051251,1390.651818,1.050694531,0.066884668,453.5598305,112.3227681,1.036895158,0.162832316,276.248754,303.7867067,1.042470059,0.021896766,0,0,0,0,0,5209.547366,1
801,638.8251563,2152.954259,13753.61341,1.044939954,0.025479873,712.8896652,279.0603711,1989.392545,1.043592136,0.085198327,532.9872415,101.2833602,1.034340054,0.176766622,183.4517214,257.4489872,1.047871183,0.024683627,0,0,0,0,0,4095.280579,1
802,517.3457769,611.4598799,3163.361866,1.04067639,0.054144731,282.383381,247.1645929,697.9517341,1.04983388,0.075245251,723.6088674,387.5727675,1.039208555,0.093957033,365.6336804,629.5495663,1.052020476,0.068875283,84.85281374,25.80319712,21.89473879,1,0.000796246,2143.260851,2
803,646.2254241,4093.559935,26453.62505,1.030789459,0.017517413,326.6888124,153.0707693,500.0650785,1.038616342,0.072856513,392.8899069,109.2643526,1.039135965,0.122223768,453.0811473,844.498645,1.048797172,0.020304274,0,0,0,0,0,7270.214231,2
804,873.2691327,783.6596673,6843.45798,1.043848345,0.043395409,946.6351347,1360.104056,12875.22286,1.037316535,0.041006671,554.3312277,141.1010273,1.04110279,0.062903437,163.1428813,593.0869831,1.023368191,0.003583107,51.63977795,25.80319712,13.32471369,1.023772862,0.001592492,7616.905008,2
805,474.9952222,106.2336506,504.6047646,1.038988712,0.097938263,665.6874793,4536.775457,30200.74618,1.028208027,0.017915536,301.3481055,79.56270581,1.037594557,0.060116576,153.2443915,599.5313165,1.032291986,0.008360583,79.91185737,34.76641296,27.78248633,1.025535585,0.007564337,9233.878742,1
806,456.2235278,174.2366628,794.9086496,1.046565765,0.134167458,932.0805312,1458.70918,13596.34427,1.047560924,0.043395409,308.5955718,91.09238762,1.045978624,0.130186228,62.74066092,112.2444018,1.013028359,0.002388738,296.1391779,86.69874231,256.7489427,1.032726426,0.011943691,5021.278851,1
807,147.910961,47.8845948,70.82656436,1.032733712,0.107095093,328.6623156,18795.98708,61775.32638,1.056444231,0.004379353,216.6689806,63.80426923,1.039036043,0.170794776,115.3196042,285.6589899,1.031013625,0.001990615,200.3389211,58.62486385,117.4484197,1.037210561,0.019906151,7417.424736,0
808,222.9776944,64.05448205,142.8272072,1.037648262,0.065690299,728.2720026,3619.451321,26359.45062,1.035017479,0.022294889,435.4301605,128.6271703,1.038006356,0.116251922,0,0,1.035963097,0.000398123,92.17771979,17.54617404,16.17366314,1.015747425,0.00398123,8627.464554,0
809,324.1304678,107.9549977,349.915039,1.04113931,0.103113863,1192.601608,438.9872955,5235.369543,1.039883576,0.098734509,1116.736198,521.7871159,1.039656019,0.084003958,46.93330203,93.65292817,1.034092453,0.001194369,173.7106083,43.496818,75.55858715,1.032933533,0.033442334,4167.300413,0
810,764.8424977,172.6704511,1320.656991,1.04099974,0.06330156,1194.548887,681.6933066,8143.159806,1.040984962,0.075643374,1066.568376,410.430677,1.043107086,0.089975803,0,0,0,0,123.5102944,42.49938349,52.49111367,1.035321094,0.013536183,5310.682062,0
811,455.247681,235.6927649,1072.985846,1.0423004,0.058125961,950.4263364,1553.453655,14764.43266,1.033214227,0.040608548,469.130483,221.594096,1.048161637,0.098336386,133.3203693,525.6460224,1.034106564,0.001990615,109.5669881,29.2749,32.0756262,1.027438896,0.021896766,6387.646141,0
812,369.9196581,377.4082718,1396.107389,1.042730554,0.04220104,729.3114535,3089.158759,22529.58864,1.040458841,0.023887381,371.951903,98.01119159,1.044299278,0.100327002,57.28219619,94.59608317,1.004664434,0.001194369,160.9347244,44.9712864,72.37441585,1.034708073,0.005573722,8401.040609,0
813,538.2061744,223.3630602,1202.153781,1.036546992,0.062107191,520.6852326,5313.738393,27667.85111,1.050357427,0.014332429,227.2840656,74.03532711,1.041497336,0.124214383,130.2929543,569.2943967,1.02205314,0.001194369,116.569366,25.18392039,29.35673633,1.021474115,0.009953076,7253.066859,0
814,403.3454039,191.6622287,773.0607906,1.038085392,0.094355156,821.7163308,2579.156751,21193.35222,1.039707466,0.028266735,242.1176132,63.48677865,1.036246338,0.13177872,0,0,1.018941065,0.000398123,139.9106683,47.47788269,66.42662298,1.030450279,0.011943691,6913.766633,0
815,294.8875428,182.6447926,538.5967409,1.04440926,0.117844414,879.1077579,1944.407508,17093.43725,1.039555725,0.033840457,201.0316995,83.45900756,1.043141674,0.143324288,80.31005007,107.7573147,1.031291822,0.001194369,113.0236631,55.73490577,62.99363213,1.043287094,0.009953076,5693.017255,0
816,392.7079145,261.9024507,1028.511652,1.041647152,0.085994573,818.2050065,2324.499443,19019.17082,1.033804366,0.027868612,187.7058934,87.37082559,1.046293608,0.13695432,131.8334677,401.4035445,1.019552622,0.000796246,98.55027324,45.49008084,44.83059897,1.035349502,0.010749322,6224.808427,0
817,556.2063384,249.9527679,1390.253138,1.042351811,0.106298847,976.1938502,1302.076241,12710.78819,1.035649602,0.043793532,173.3226973,88.42512662,1.043802269,0.177562868,0,0,0,0,109.2455629,84.53618865,92.35203518,1.054627113,0.008360583,4655.039822,0
818,458.2190915,284.3395917,1302.898294,1.042108871,0.105900724,1025.058831,926.3938678,9496.082155,1.036961489,0.052154116,243.2518613,119.0070941,1.050272673,0.164424808,113.5888942,836.2996246,1.046983096,0.001194369,105.4420645,353.5038005,372.7417054,1.088892468,0.003184984,3869.066162,0
819,310.6726484,142.41471,442.4435512,1.040910603,0.086790819,926.4931277,1689.834909,15656.2043,1.037212338,0.037423564,360.3930488,168.8699993,1.050198604,0.142129919,61.48976936,139.6236723,1.025103162,0.001194369,169.3594469,53.32660737,90.31364732,1.020333257,0.002388738,5848.962347,0
820,183.2593153,53.01877976,97.16185278,1.035931443,0.113465061,692.9929557,3758.630607,26047.04534,1.03186448,0.019508028,377.3709122,153.1937845,1.045974199,0.101123248,152.8479637,631.0345817,1.022300384,0.001990615,439.8892876,158.259609,696.1670665,1.031787774,0.027470489,7097.078481,0
821,142.9735195,45.13633884,64.5330122,1.035686147,0.053348485,264.1646816,31044.9323,82009.74657,1.057420087,0.002786861,387.9182942,116.8280925,1.036167561,0.018711782,181.9815427,365.8737293,1.028119229,0.019109905,491.0261206,158.4316303,777.940688,1.037186373,0.031849842,12211.0304,0
822,225.2198023,62.06529013,139.7833237,1.033128862,0.029859227,724.4170371,3745.310604,27131.66811,1.040277246,0.021896766,486.7015994,280.1973405,1.044214609,0.048571009,97.59000729,158.6424543,1.032885731,0.001592492,257.7861589,123.8553462,319.2819394,1.03373975,0.018313659,11607.54875,0
823,108.2218512,42.40092932,45.88707061,1.026427598,0.014730552,223.4863316,47894.86236,107038.4709,1.057733289,0.001990615,195.9316541,110.2747161,1.038803415,0.015128675,116.4772173,220.4022038,1.0259443,0.003583107,236.156627,73.13871734,172.7219279,1.0285418,0.023091135,19737.03685,0
824,287.8622457,104.3595972,300.4118802,1.016765609,0.007166214,244.6819809,39767.8874,97304.85465,1.053294602,0.002388738,140.4878717,39.22085962,1.029798852,0.009953076,137.9236431,375.8167724,1.032692009,0.00398123,329.9231695,134.3751111,443.3346257,1.024906454,0.020702397,22618.68014,0
825,205.723182,98.94191446,203.5464547,1.041118328,0.034636703,373.1647994,16025.99711,59803.37998,1.050102757,0.005573722,294.0735175,69.66863221,1.036142515,0.047774763,115.6131099,196.8903991,1.019238638,0.002388738,353.271314,81.7101242,288.6584295,1.032139769,0.042997286,12225.56193,0
826,235.1678854,105.0957245,247.1513929,1.039676971,0.058922207,467.2097155,9815.067034,45856.94677,1.033373309,0.008758706,214.0229671,53.80241101,1.035498836,0.074847128,91.87468998,346.793799,1.027616422,0.002786861,201.5129774,117.5576167,236.8938536,1.043593728,0.023489258,10445.18065,0
827,508.4984009,320.2772221,1628.604553,1.040301528,0.077633989,757.3898794,2793.626141,21158.64166,1.027905482,0.023887381,137.1070878,44.94495661,1.037221696,0.156064225,43.61000606,57.38915671,1.032320962,0.001592492,160.2638362,46.28448483,74.17729095,1.031817255,0.025479873,6186.981401,0
828,989.5095196,1238.912463,12259.15676,1.037159521,0.045784148,658.4271991,271.0180166,1784.456335,1.040405575,0.109483831,244.1167432,67.93278077,1.040877487,0.197070896,0,0,1.014655802,0.000398123,106.7844581,73.96916507,78.9875721,1.033753779,0.002388738,4512.997994,0
829,601.0505749,964.2047628,5795.35827,1.041912903,0.054144731,464.6245805,294.4319261,1368.003102,1.045573577,0.111872569,185.5251307,86.48017405,1.046325367,0.169202284,0,0,1.026823542,0.000398123,93.10801004,63.64788622,59.26128029,1.05337878,0.002388738,2464.078442,0
830,534.2698218,337.395591,1802.602823,1.041767878,0.041006671,763.7961377,2999.396399,22909.27385,1.039347679,0.02508175,121.2675093,44.96697509,1.03437673,0.068079037,132.3761912,284.6440796,1.029379159,0.002388738,467.8410065,355.4886618,1663.121733,1.033106433,0.020702397,9212.541007,1
831,549.6286788,400.6285868,2201.969609,1.045531932,0.03025735,537.3108228,5606.579383,30124.75781,1.022705328,0.013536183,156.7990144,52.75320299,1.034469263,0.075245251,85.72709475,51.42977014,1.029129204,0.006369968,316.5520931,426.1541355,1348.999836,1.043404181,0.017915536,9338.426711,1
832,497.8116405,319.6538286,1591.273968,1.046128894,0.053746608,551.6276785,4640.670132,25599.22092,1.035979111,0.014730552,160.8290841,57.7442976,1.038032414,0.11983503,206.5724481,703.5903068,1.043397262,0.003583107,464.9419745,417.7401807,1942.249444,1.048373237,0.015128675,6909.116411,1
833,395.5181002,391.2203886,1547.347449,1.043005333,0.037423564,455.266865,9723.136163,44266.21719,1.037449208,0.008360583,141.7118387,47.67140667,1.032502394,0.063699684,52.20153254,107.7573147,1.034577721,0.001194369,81.58472616,27.7656938,22.65256525,1.024376401,0.028266735,10885.09702,1
834,446.6135735,332.056627,1483.009968,1.044500391,0.037025441,593.8606806,5297.68307,31460.85673,1.02674142,0.014332429,210.1244491,66.90758972,1.040270865,0.102317617,118.5342874,296.6806676,1.037383166,0.001592492,345.5782883,813.1693263,2810.136639,1.030712369,0.005573722,9428.839801,1
835,312.4171076,203.6380783,636.2001941,1.047025128,0.054542854,558.0000783,5963.197045,33274.64418,1.038692132,0.01313806,236.0631861,81.80703762,1.041584967,0.113066938,54.15321348,119.6111092,1.032226603,0.001990615,136.8891262,58.30127781,79.80810974,1.031696478,0.014730552,8592.993654,0
836,0,20.64255769,0,1.009624609,0.000398123,181.3726926,43.96940402,79.748492,1.036454501,0.108687585,821.393594,800.421707,1.040947222,0.062903437,1151.08926,5243.867838,1.043707216,0.098336386,0,165.1404615,0,1.044485673,0.000398123,4477.5574,0
837,0,0,0,0,0,245.8867036,71.86350998,176.7028158,1.038959209,0.095947648,993.0079507,439.859258,1.040804918,0.090373926,820.4936395,6141.115039,1.035345979,0.05932033,150.1362144,3748.344434,5627.622435,1.035551294,0.002388738,4043.713257,0
838,0,20.64255769,0,1.009624609,0.000398123,351.1217586,72.28347125,253.8029954,1.039401356,0.119038784,815.7575999,1452.507501,1.045095257,0.033840457,575.7484135,1850.695339,1.050656807,0.077633989,158.6562274,14466.99252,22952.78454,1.038200725,0.001194369,4948.42953,0
839,0,0,0,0,0,210.1492777,70.10464192,147.3243986,1.04464885,0.143722411,1094.440333,892.2172159,1.041177398,0.060912822,712.1432461,2100.58844,1.048017486,0.103910109,149.8256953,2062.535556,3090.208238,1.034255584,0.002388738,4498.885941,0
840,0,0,0,0,0,469.6825792,132.3552229,621.6494244,1.043066578,0.115057553,1141.514241,591.9624072,1.039740039,0.072060267,618.0316632,2554.937867,1.043415977,0.089975803,240.7768263,2059.09513,4957.823904,1.024201341,0.002388738,3770.274467,0
841,0,0,0,0,0,162.9340109,68.32947895,111.3319607,1.038504603,0.062903437,619.9348739,413.7672437,1.045170108,0.067282791,986.8369255,8106.395307,1.032923188,0.054144731,241.6065626,8391.199702,20273.68916,1.032241041,0.002786861,5249.611578,0
842,0,0,0,0,0,236.7212972,78.47730985,185.7725059,1.04004769,0.138546812,727.8898569,549.1145948,1.043714328,0.072856513,887.809415,5024.632978,1.041602529,0.081615219,226.0090237,490.6047878,1108.811091,1.033101663,0.005971845,3292.35691,1
843,0,0,0,0,0,394.3030056,127.2957724,501.9310567,1.044624486,0.119436907,500.2981934,467.2958998,1.051093047,0.079624604,690.7362791,1855.169866,1.042501792,0.091170172,138.8555472,29013.11484,40286.31937,1.053209233,0.000796246,2677.390154,1
844,0,0,0,0,0,313.7544734,102.5099057,321.6294148,1.042267676,0.111076323,871.4931404,1500.381765,1.038169763,0.034636703,507.5889149,1100.183013,1.050112408,0.102317617,363.4311499,2271.326426,8254.707749,1.03342072,0.006369968,5048.23143,1
845,0,0,0,0,0,387.1186165,137.3834975,531.837095,1.043342771,0.152481117,874.6126798,767.0673126,1.040885009,0.064894053,880.7768078,2435.270201,1.045396394,0.103511986,165.0592955,547.0277789,902.9201978,1.03803031,0.001194369,3334.313374,1
846,47.50730938,24.77106923,11.7680685,1.039749502,0.001990615,297.9538442,119.5026856,356.0628458,1.047786548,0.157656717,736.9082221,1069.352169,1.042952156,0.048571009,383.8406634,562.2803358,1.041545762,0.121825645,194.3579864,4063.634929,7897.999024,1.053015672,0.002786861,3138.772954,1
847,0,0,0,0,0,618.060506,138.4058319,855.4317852,1.045750945,0.163230439,930.0335596,568.6316321,1.043500275,0.081217096,596.7785532,1078.413968,1.044970106,0.123020014,204.5773447,3227.611342,6602.961581,1.043037066,0.002786861,2682.629136,0
848,0,0,0,0,0,435.6994361,167.55608,730.0408956,1.04904107,0.149694256,959.2700848,358.2327133,1.048850051,0.102317617,568.7911131,1871.094105,1.04718079,0.099530755,68.60619365,6935.899385,4758.456563,1.093399909,0.000796246,2183.044383,0
849,0,0,0,0,0,377.6785104,256.561878,968.9790792,1.049689803,0.134167458,1040.051394,625.611484,1.040165086,0.075245251,422.1120964,569.9491134,1.04450507,0.126204998,291.603762,367.4375269,1071.461651,1.036904101,0.00398123,3143.126808,0
850,0,0,0,0,0,1048.975207,337.8522418,3543.986253,1.046194249,0.115057553,621.384153,589.1192442,1.048112343,0.07643962,549.9708875,813.8303465,1.044096876,0.106298847,151.3891197,54.03493043,81.80300553,1.024405968,0.006768091,2888.888091,0
851,0,0,0,0,0,312.4018968,162.0942508,506.385514,1.04929877,0.11465943,657.566672,823.121988,1.04414188,0.054144731,751.1186081,2617.469337,1.043683183,0.077235866,283.5042596,2078.877581,5893.706495,1.040089087,0.004777476,3038.675556,0
852,0,0,0,0,0,730.0637546,665.4611874,4858.29093,1.04115376,0.062903437,602.2627837,461.0662708,1.046664986,0.083605835,313.4564612,548.6368043,1.04089815,0.04737664,136.2264158,5676.703366,7733.169531,1.042412714,0.001990615,3420.049335,0
853,0,20.64255769,0,1.009624609,0.000398123,616.2963754,759.5580146,4681.128513,1.038269187,0.065292176,1095.685171,495.7249517,1.044485072,0.081217096,315.4589334,281.9766573,1.035327413,0.04220104,248.9047125,999.2288083,2487.127593,1.042154839,0.006369968,4448.103033,0
854,0,0,0,0,0,563.0117749,5916.673099,33311.56623,1.02819857,0.012739937,626.9760523,144.3998394,1.048372374,0.167609792,152.0776423,77.65566352,1.025473392,0.007564337,0,82.57023077,0,1.008645268,0.000398123,8701.684529,0
855,83.55350294,29.9808576,25.05005674,1.027628869,0.008360583,904.1595752,1824.091819,16492.70084,1.038426194,0.037025441,845.6302852,212.3155867,1.041335753,0.149296133,58.26327515,14.18281862,1.022414914,0.02110052,0,0,0,0,0,6990.942067,0
856,115.4376209,52.49424618,60.59810892,1.03682728,0.037025441,1109.366921,942.553929,10456.3815,1.031383392,0.055737223,900.2696417,355.6253967,1.04047235,0.107493216,277.6747383,253.3276799,1.04060262,0.079226481,83.85254916,33.02809231,27.69489734,1.017573464,0.001990615,5054.8322,0
857,200.3210205,89.60746635,179.502591,1.038051254,0.087587065,761.9383446,938.9694454,7154.368249,1.046057677,0.046182271,865.075498,444.9772966,1.042729918,0.088383311,652.1543631,1019.402389,1.046692922,0.060514699,0,0,0,0,0,3638.81097,0
858,314.5808355,174.4614402,548.8222563,1.043949077,0.090373926,860.1912559,1640.328121,14109.95907,1.034939524,0.032646088,593.5479789,200.4397946,1.040613115,0.146907395,143.4751683,68.57461741,1.036510545,0.025877996,0,0,0,0,0,4768.666298,0
859,363.3180214,190.2848536,691.3391653,1.038746579,0.074847128,682.6996434,982.7147622,6708.990177,1.049551628,0.031849842,455.4917518,295.2282722,1.045573894,0.103511986,930.4136234,4396.23479,1.043948179,0.050561624,0,10.32127885,0,1,0.000796246,3168.972627,0
860,272.3203723,162.0547184,441.3080124,1.040481484,0.038617933,571.4030136,958.0575306,5474.369602,1.048506872,0.020304274,359.5019412,498.0475088,1.048931293,0.067282791,870.2406495,4792.329696,1.045225667,0.074050882,0,0,0,0,0,3550.086059,1
861,190.7351195,139.54369,266.1588239,1.040724983,0.019906151,477.8266149,1893.954668,9049.81948,1.051691894,0.011147445,867.4603919,690.9760288,1.040671798,0.067282791,618.7635588,1632.242243,1.0472799,0.109881954,82.01121323,529.8256475,434.5164415,1.045860444,0.001194369,4155.498183,1
862,225.6986855,95.73875896,216.0811205,1.035594658,0.034636703,467.0199184,993.3140614,4638.974519,1.046150751,0.028266735,980.8607559,860.4576345,1.041581805,0.058524084,317.1692985,532.5284065,1.054121643,0.108687585,0,0,0,0,0,4572.850551,1
863,446.1013638,242.3772085,1081.248033,1.046117434,0.083207712,508.0496972,1307.740056,6643.969395,1.04120092,0.036229195,583.472854,214.3364972,1.04519819,0.132973089,183.1365596,163.8176365,1.041266931,0.044191655,0,0,0,0,0,2550.351419,1
864,374.4378575,319.1656997,1195.077208,1.047266648,0.077633989,912.4685648,1104.972295,10082.52484,1.037758041,0.041404794,610.9341907,189.0895367,1.046490177,0.132973089,275.2446399,299.1443143,1.041757986,0.039812302,0,0,0,0,0,3924.653076,0
865,316.1758061,54.61338098,172.6742976,1.030553158,0.050561624,925.126622,1349.978881,12489.01402,1.027521545,0.037025441,865.1014099,407.8625358,1.043900016,0.095549525,327.1317219,453.7905417,1.051032768,0.059718453,0,0,0,0,0,5355.801907,0
866,438.6271374,252.1340975,1105.928574,1.038742606,0.04737664,901.9494583,1564.705873,14112.85615,1.043052955,0.037821687,544.8577757,205.8775444,1.047934884,0.134963704,326.4258662,168.4566194,1.031352492,0.02110052,0,0,0,0,0,5669.097417,0
867,327.4387327,475.3452386,1556.464425,1.049445945,0.065292176,1013.665539,918.3592428,9309.091164,1.040075053,0.052552239,312.5850281,102.5002316,1.047166672,0.190302804,222.2993942,290.293254,1.032924642,0.00915683,0,0,0,0,0,3862.051414,0
868,663.2495762,505.047962,3349.728468,1.04230983,0.041404794,651.5660616,967.8831898,6306.398381,1.04206493,0.039016056,360.5357411,115.4600476,1.044602744,0.166415423,493.0680674,9128.136502,1.046135021,0.011943691,0,0,0,0,0,3429.179933,1
869,198.699491,104.989402,208.6134074,1.041277882,0.048571009,736.9538159,2346.845266,17295.16574,1.029759998,0.023091135,460.3144939,223.4120076,1.051010547,0.127001244,430.1039543,1660.824247,1.041233532,0.031849842,66.66666667,23.2228774,15.48191827,1.014316838,0.001592492,5538.046468,1
870,452.4124147,300.6802743,1360.31489,1.051272716,0.06330156,739.4232775,1344.482376,9941.41565,1.04767922,0.037821687,757.0814186,164.1056804,1.041363479,0.154869856,374.4038706,718.3846777,1.040031316,0.024285504,0,103.2127885,0,1.050954208,0.000398123,3829.048749,1
871,444.9003928,369.7446363,1644.995339,1.049405884,0.074449005,779.94689,2340.42817,18254.09672,1.037527911,0.026276119,154.2540035,54.75212265,1.038167071,0.199857757,40.82482905,8.427288889,1.019325471,0.001592492,0,0,0,0,0,5444.75065,1
872,955.7795112,792.9763016,7579.105019,1.04034819,0.048969132,640.7977596,1090.979023,6990.969135,1.047716207,0.041404794,287.5523614,76.71220764,1.039103213,0.206227725,56.19468439,18.29233946,1.025705887,0.005175599,0,20.64255769,0,1.056640337,0.000398123,4009.921652,1
873,704.1959187,1238.656674,8722.569747,1.034897668,0.039812302,914.5186615,796.1870717,7281.279351,1.041878562,0.045386024,204.389975,64.74256731,1.03754772,0.218967662,126.2503274,66.08400226,1.033746193,0.005573722,109.021623,25.80319712,28.13106429,1.016361079,0.003184984,4174.629644,1
874,528.9910803,1329.839439,7034.732014,1.039742689,0.035831072,300.6288647,220.6233924,663.2575998,1.048069905,0.084800204,978.6664444,209.8224535,1.03405981,0.125806875,220.025502,261.3812659,1.052945054,0.060912822,0,20.64255769,0,1.009624609,0.000398123,2773.924547,0
875,756.5569451,1169.358766,8846.864955,1.036161831,0.039016056,177.1621829,142.8533045,253.0820326,1.046547203,0.07245839,874.5918598,353.0699414,1.034888964,0.089975803,278.3899745,358.2658934,1.048957483,0.095151402,47.14045208,15.48191827,7.298246263,1.004812305,0.000796246,3636.438141,2
876,611.3151774,4120.204168,25187.43342,1.034220493,0.016323044,409.4872918,205.9718943,843.428732,1.04438096,0.07245839,509.3878183,120.2026858,1.033821459,0.122621891,206.4666412,198.1829792,1.0448354,0.031849842,47.14045208,30.96383654,14.59649253,1.022068996,0.000796246,6546.620023,2
877,464.067387,8800.297664,40839.31142,1.040377503,0.008758706,406.8266118,180.4004168,733.9169034,1.039984982,0.074050882,138.8966394,60.50948209,1.03759542,0.156462348,94.35884528,74.66596979,1.024835367,0.001194369,0,0,0,0,0,7805.058029,2
878,821.3942744,700.5375456,5754.17529,1.041540625,0.053348485,997.1181432,1034.448172,10314.67041,1.045092907,0.05135787,197.2519878,76.83618697,1.043230285,0.111076323,96.85149544,203.6748756,1.019676848,0.003184984,112.0526348,53.08086264,59.47850518,1.021966822,0.005573722,5673.570377,2
879,343.8536171,125.8796163,432.841614,1.044454707,0.164424808,681.4207573,3654.162765,24900.22359,1.037440588,0.019109905,129.6374412,49.16188082,1.037663215,0.105900724,180.1679856,1832.703649,1.030338193,0.003583107,198.9860392,36.24449083,72.12147675,1.023174186,0.01711929,6191.34211,1
880,229.5645315,70.34048905,161.4768141,1.039145385,0.211005202,488.118981,7908.679916,38603.76782,1.029061849,0.009554953,131.7511685,52.46439785,1.037865771,0.162832316,29.25959095,87.57895516,1.053253374,0.000796246,220.6659765,61.61490705,135.9631363,1.032292766,0.01313806,5986.785957,1
881,148.5549661,53.73237194,79.82210691,1.033617916,0.11983503,507.92463,7665.137433,38933.12094,1.033918347,0.010351199,228.8599587,67.61730743,1.035687378,0.174776007,106.7389091,168.9245801,1.018745849,0.002388738,361.5470862,80.6042729,291.4224,1.043251141,0.02508175,6870.504577,0
882,483.922219,132.2274052,639.8777931,1.043059479,0.128593736,604.819643,191.7482745,1159.731229,1.041909638,0.148101764,962.7322288,1077.151416,1.045159464,0.050561624,0,0,1.003060967,0.000398123,78.42444018,23.2228774,18.2124116,1.017705279,0.004777476,4136.726348,0
883,983.5158018,186.3199644,1832.486292,1.040283075,0.137750566,785.3786129,128.9771838,1012.959217,1.039221384,0.158851086,1067.883125,994.2067416,1.044148291,0.053746608,41.57043982,62.21371466,1.012131263,0.001592492,79.52852523,30.96383654,24.62508255,1.033868553,0.005573722,4321.696691,0
884,507.0158322,145.4259752,737.3327186,1.042661966,0.146111149,964.0487093,306.3381446,2953.248929,1.046911736,0.127001244,1039.815046,342.2450352,1.049388161,0.115057553,0,0,1.047918194,0.000398123,127.075364,30.96383654,39.34740801,1.033159946,0.012341814,2566.967101,0
885,705.6943385,763.9681586,5391.280043,1.040749306,0.063699684,768.0610089,336.8384273,2587.124623,1.051303718,0.105900724,265.9330969,90.46297342,1.043310377,0.169202284,89.47065395,226.2456342,1.063380429,0.000796246,75.40748032,18.67659982,14.08355333,1.020225709,0.008360583,2723.358878,0
886,843.9678003,1120.928077,9460.27203,1.044730818,0.044191655,1116.428546,497.7364378,5556.871676,1.046068021,0.085198327,194.0079505,65.71437603,1.040871175,0.122621891,0,0,0,0,0,0,0,0,0,5112.80473,0
887,918.5661921,1420.466001,13047.92046,1.037574141,0.03821981,376.1313424,393.9517455,1481.775989,1.041848413,0.08957768,312.3839434,98.37722869,1.039745182,0.101123248,144.3459212,142.7758066,1.053185484,0.004777476,0,0,0,0,0,5356.448766,0
888,661.2882284,771.6973064,5103.143447,1.038950843,0.056533469,636.1721198,813.2307625,5173.54738,1.036529405,0.057329715,248.8991407,65.83977071,1.038247574,0.148101764,0,0,0,0,0,0,0,0,0,3399.996011,0
889,923.2149354,1662.595055,15349.32586,1.0381286,0.037821687,386.9643287,289.9579608,1122.033877,1.041768105,0.093957033,211.6762972,57.13821654,1.035497321,0.171591022,0,0,1.130029781,0.000398123,0,0,0,0,0,5451.998673,0
890,659.7261693,4490.903107,29627.66303,1.029386423,0.017915536,227.8293055,141.752342,322.9533763,1.04628557,0.080818973,199.0826416,68.6435737,1.03860291,0.116251922,74.08215494,28.40026721,1.032273,0.002786861,0,0,0,0,0,8499.874297,0
891,733.2875281,1146.281229,8405.537287,1.036638631,0.039812302,853.6420425,511.8071437,4369.000955,1.044779605,0.070467775,329.8175331,98.38437905,1.042149003,0.185525328,0,0,0,0,83.31955809,37.8446891,31.53202772,1.03383147,0.001194369,3754.341963,0
892,470.5091737,151.8462056,714.4503274,1.041268315,0.073254636,849.1831575,1989.585777,16895.22732,1.031708919,0.032247965,372.0624608,133.7094982,1.045443031,0.184729082,0,0,0,0,43.30127019,13.76170513,5.95899312,1.003208203,0.001194369,5644.613927,0
893,140.3121003,54.61990631,76.63833771,1.037481683,0.054542854,554.0474817,6738.130364,37332.4416,1.025924387,0.012341814,371.3746324,148.4641595,1.045826611,0.091170172,0,0,1.016963949,0.000398123,117.3143325,50.91830898,59.73447431,1.02815198,0.005971845,10232.93107,0
894,178.1435652,50.07484963,89.2051224,1.033510732,0.061709068,212.8789299,22855.43988,48654.41584,1.047101867,0.00398123,164.1761342,45.09604911,1.031786487,0.025877996,58.5175154,71.61424898,1.041198388,0.002786861,540.7141963,151.7086603,820.3102633,1.03785406,0.029062981,9239.325134,0
895,393.8995973,96.65738163,380.733037,1.040475431,0.058922207,834.8885996,2541.438182,21218.17764,1.039813826,0.029062981,385.4924738,200.5463675,1.048767198,0.094355156,0,0,0,0,263.866667,119.3397867,314.8979175,1.035076234,0.012739937,8206.778511,0
896,184.2133158,56.9820603,104.9685427,1.039942218,0.03821981,386.8376317,14874.33899,57539.54067,1.028234087,0.005971845,254.7825772,83.95563733,1.039727259,0.05932033,82.59846645,274.938282,1.045004205,0.001592492,462.4785595,110.7904362,512.3820135,1.037104032,0.031451719,12032.75642,0
897,358.2227223,188.9861747,676.9914199,1.041779122,0.034636703,529.8082524,7446.624735,39452.83237,1.038197475,0.011545568,245.5030256,119.5138559,1.042857305,0.050163501,50.68565638,245.8761727,1.032643885,0.001990615,131.8947334,50.01850518,65.97177408,1.031969899,0.010351199,12864.73979,0
898,550.8189063,228.9883726,1261.311249,1.041196786,0.06847716,825.5655927,2592.966912,21406.64266,1.028794256,0.028266735,528.540825,103.8632892,1.038403418,0.094753279,0,0,1.096706093,0.000398123,255.284026,87.15746582,222.4990877,1.03281165,0.010749322,8033.817519,0
899,591.8290429,393.5548499,2329.171902,1.041710152,0.064097807,1063.847255,1168.686343,12433.03759,1.040064858,0.051755993,472.7486661,106.9445864,1.042197701,0.122223768,101.0152545,255.4386192,1.030802884,0.000796246,198.9995713,62.17941159,123.7367625,1.034121582,0.016323044,5727.625226,0
900,595.2824554,332.1076981,1976.97886,1.039871795,0.089975803,1251.991866,511.3520542,6402.086124,1.03746131,0.091568295,510.5981807,135.7345539,1.044907467,0.168804161,0,0,0,0,145.9788096,119.9848666,175.15248,1.04815605,0.003184984,3439.06473,0
901,717.3169646,734.1688611,5266.317789,1.045190978,0.060514699,472.9626599,150.0534207,709.6966498,1.046400378,0.150888625,538.2766464,267.2226506,1.046029581,0.112668815,0,0,0,0,249.7247079,272.7199449,681.0490858,1.051317968,0.010351199,2443.834598,0
902,694.3655669,536.3505939,3724.233841,1.046398091,0.046182271,1137.932837,988.1266433,11244.21755,1.033531001,0.060514699,348.7110461,112.6564075,1.041181992,0.117048168,81.23623945,138.3462102,1.014157965,0.001592492,272.8688854,137.9037535,376.296435,1.036981722,0.014332429,5885.496499,0
903,382.8908394,446.8175443,1710.823446,1.046604763,0.021896766,610.2193443,5474.51216,33406.5322,1.045010603,0.015526798,207.9021072,63.40214149,1.036862307,0.055737223,105.3994956,296.4411917,1.032065342,0.001592492,372.8547836,103.2127885,384.8338191,1.02940454,0.011943691,12766.77824,0
904,170.149878,174.9185152,297.6236403,1.042619819,0.015128675,269.1899035,21909.49467,58978.14755,1.042848985,0.003184984,84.88523417,41.77660486,1.033237002,0.033442334,75.55139051,114.6286844,1.042914123,0.00398123,463.5909197,2792.579055,12946.14292,1.040197714,0.00915683,13982.74154,0
905,290.4979032,183.0566437,531.7757116,1.04478831,0.02110052,303.7051365,18156.8497,55143.28517,1.051769696,0.004777476,146.2782868,46.08147438,1.033646424,0.067680914,118.4381801,315.3878386,1.045241239,0.00398123,650.3164817,150.5483087,979.0404644,1.03015617,0.034636703,10618.09457,0
906,215.1452465,73.27086072,157.6387739,1.037706793,0.040210425,341.0442833,14938.57666,50947.16171,1.058340392,0.005573722,190.6639426,53.81487748,1.035621362,0.091170172,170.0997539,922.3899195,1.045297587,0.005175599,599.3745355,154.1936506,924.1974773,1.02681533,0.039414179,8997.564213,0
907,285.8204592,96.53431392,275.9148194,1.038109571,0.020304274,398.5356797,12591.96019,50183.45414,1.04282202,0.006369968,263.6570089,88.8019463,1.041065789,0.04220104,111.4969948,107.2328512,1.031473452,0.008758706,574.2826144,410.5575363,2357.760553,1.025842467,0.032247965,12143.64185,0
908,486.9744275,261.7108428,1274.464879,1.039777558,0.040210425,572.6316992,5500.651838,31498.47608,1.034961781,0.013934306,151.9235854,48.48232899,1.034115636,0.103910109,146.218311,305.744629,1.033385477,0.010749322,314.1880212,309.4090036,972.1260259,1.03315335,0.017915536,8632.895647,0
909,0,0,0,0,0,401.3228875,122.1919996,490.3844609,1.042077064,0.096345771,970.5931737,1437.309097,1.038119858,0.043395409,478.5930015,1008.056977,1.049355243,0.120233153,139.2287771,665.7224856,926.8772754,1.057407142,0.000796246,5737.609439,0
910,0,0,0,0,0,153.026021,53.57103444,81.9776224,1.040403787,0.148499887,989.9875135,1034.504006,1.034367619,0.0553391,709.6006919,2144.257694,1.043339179,0.113465061,148.9208493,116.3489615,173.2678617,1.034890202,0.004379353,4436.105947,1
911,0,0,0,0,0,337.4524922,66.66988228,224.9791793,1.037515348,0.16203607,1008.892709,1333.089069,1.030826745,0.044987901,738.4573569,1941.371865,1.044792478,0.1106782,53.29906981,106.6532147,56.84517139,1.070926044,0.001194369,5180.135605,1
912,0,0,0,0,0,154.5217919,53.57682019,82.78786262,1.038331725,0.087587065,720.8410011,957.2001275,1.047204724,0.052154116,1049.030357,7218.680071,1.04218178,0.062903437,220.3254408,1054.834698,2324.069198,1.028632715,0.001990615,5311.297747,1
913,0,0,0,0,0,144.0191258,44.15213729,63.58752215,1.028729874,0.035831072,787.4163559,423.706292,1.0385527,0.069273406,675.1988799,10106.45971,1.042448179,0.036229195,322.6874138,3388.194356,10933.27674,1.040193797,0.004379353,5852.817857,0
914,0,0,0,0,0,188.9580718,62.82778461,118.7181703,1.039528546,0.06847716,549.0253474,671.298747,1.042168314,0.05932033,914.3698444,6800.676099,1.038801884,0.05932033,165.172808,4218.454111,6967.73911,1.053011495,0.002786861,4418.143586,0
915,0,0,0,0,0,188.1216525,60.94077789,114.6427984,1.041226733,0.099928879,676.4540384,360.4360027,1.045148365,0.10669697,827.539743,6460.819084,1.043801197,0.060116576,222.5282657,4279.20221,9522.434462,1.03118493,0.001990615,3517.747467,0
916,0,0,0,0,0,158.1868909,55.00634491,87.01282682,1.04302139,0.101521371,909.0827763,300.1059741,1.04453719,0.125010629,893.2352011,9089.600449,1.041912166,0.055737223,143.829703,90.82725385,130.6365695,1.024878274,0.001990615,4415.593498,0
917,0,0,0,0,0,156.0584552,57.21377558,89.28693435,1.042504052,0.133371212,1075.43289,805.05975,1.044173667,0.065690299,685.6976871,3091.161592,1.043796988,0.087587065,0,0,0,0,0,4483.572079,0
918,0,0,0,0,0,464.4351641,97.80041053,454.2194972,1.044772393,0.163230439,1292.556571,611.4436174,1.041589037,0.089179557,452.776746,952.5775494,1.049982754,0.13177872,226.6609256,497.7150022,1128.125431,1.039440042,0.003583107,3842.035025,0
919,0,0,0,0,0,382.9953596,118.0711847,452.2071586,1.046415566,0.154869856,1073.234126,319.6975165,1.043875034,0.125408752,781.9901932,4412.807431,1.048779585,0.073254636,150.6758561,237.3894135,357.688531,1.015098971,0.001194369,2876.729437,1
920,0,0,0,0,0,554.0181111,134.7673006,746.6352531,1.049130821,0.132176843,633.580325,190.3869716,1.048996926,0.136556197,1057.982268,9900.063323,1.039331391,0.058922207,168.1399019,880.7491282,1480.89072,1.026062856,0.001194369,4287.853121,1
921,47.14045208,15.48191827,7.298246263,1.004812305,0.000796246,305.8190512,137.0614545,419.1600398,1.04722224,0.128195613,793.3764677,403.7319517,1.045391685,0.099132632,1042.488682,5623.326988,1.048539386,0.072856513,185.5320227,597.8402286,1109.185069,1.017726342,0.005175599,3305.866607,0
922,0,0,0,0,0,333.2537058,160.0131166,533.2496407,1.050345766,0.123418137,720.8366291,429.1766382,1.050890123,0.082809589,514.0990836,1856.702481,1.050740413,0.093160787,224.4019217,2526.836721,5670.270161,1.052975558,0.004379353,2067.774994,1
923,0,41.28511539,0,1.034513382,0.000398123,526.2419815,189.2729481,996.0337123,1.046267538,0.1106782,536.838975,266.9218318,1.051080089,0.109085708,744.7312844,2688.323362,1.046466158,0.092762664,253.0929553,4586.088234,11607.06624,1.046509715,0.003583107,2176.011959,1
924,0,0,0,0,0,272.0335567,244.1379419,664.1371267,1.054982801,0.093160787,488.893057,191.1238715,1.053213201,0.125408752,998.4050282,3966.269711,1.047435683,0.075643374,206.7603504,5306.075625,10970.86056,1.051416156,0.004379353,2540.657311,0
925,0,0,0,0,0,279.6303359,190.8444156,533.6588804,1.048884288,0.041404794,366.8628737,186.0026209,1.046507328,0.056135346,341.3750461,2583.541439,1.051206995,0.030655473,303.8384013,14683.05129,44612.74829,1.050483072,0.00398123,7876.142818,0
926,0,0,0,0,0,419.4014085,174.609113,732.3130793,1.048933561,0.091568295,380.8626139,176.857385,1.040827407,0.126603121,846.3693052,11147.85384,1.048384951,0.040210425,216.9998097,1812.244544,3932.567212,1.037885112,0.004777476,4438.188142,0
927,0,0,0,0,0,315.4665649,113.4581756,357.922609,1.047916838,0.162434193,719.036992,255.0876565,1.046918152,0.127001244,1168.579759,8109.449313,1.043265489,0.069273406,206.3807286,172.8814207,356.7939356,1.043239383,0.006369968,3700.344177,0
928,0,0,0,0,0,276.3381878,147.9289557,408.7841954,1.047535471,0.146111149,854.4865777,546.1279751,1.045210596,0.077633989,980.4252629,2936.999275,1.042791006,0.099928879,231.2459136,800.1707232,1850.362099,1.03141433,0.007564337,2803.015688,0
929,0,0,0,0,0,422.604314,290.563113,1227.932251,1.047693933,0.107493216,1000.173345,1043.125969,1.038608199,0.048571009,300.1550697,364.1650021,1.044881283,0.081217096,133.9519858,4142.961329,5549.578972,1.056955843,0.001990615,4807.255819,0
930,0,0,0,0,0,996.2466064,727.5872241,7248.563028,1.038957846,0.065292176,951.3586049,486.7554052,1.042689084,0.084402081,151.8583112,107.5217175,1.039812227,0.059718453,296.7186196,2004.621714,5948.085878,1.022202603,0.003583107,5014.925397,0
931,0,0,0,0,0,1006.410162,1445.86372,14551.3194,1.017199596,0.041802917,959.149753,359.1040499,1.048827647,0.107493216,82.45391125,32.89557535,1.034253556,0.020702397,108.4934714,82.57023077,89.5833097,1.043299159,0.001592492,7673.643988,0
932,66.66666667,15.48191827,10.32127885,1.005688492,0.001592492,793.0471931,2613.189015,20723.82213,1.027776718,0.025877996,478.520044,200.8846799,1.048500829,0.151286748,241.8055769,180.2480901,1.038932396,0.02508175,69.30886674,45.41362693,31.47567017,1.031483739,0.001990615,7389.532814,0
933,57.4529782,23.2228774,13.34223469,1.020955065,0.00796246,824.2865727,1486.474792,12252.81212,1.034508837,0.039016056,1046.029426,312.4902977,1.042706849,0.121029399,361.1564634,292.4960854,1.041997903,0.049367255,0,0,0,0,0,5737.727485,0
934,151.3083664,55.73490577,84.33157541,1.034307396,0.035831072,697.3477254,3371.617757,23511.89973,1.037332022,0.020304274,573.5288684,174.0836151,1.041766714,0.140139304,527.8419187,656.3796681,1.038866471,0.041404794,0,0,0,0,0,6917.782455,0
935,125.1201464,48.76430296,61.01396726,1.034401038,0.054940977,900.9663581,1449.04167,13055.37796,1.035743483,0.037423564,553.8617768,364.5232835,1.047110564,0.101521371,513.6480552,521.668073,1.03555886,0.059718453,34.64101615,17.20213141,5.95899312,1.022088315,0.001194369,5167.333279,0
936,229.5540669,117.5816276,269.9134082,1.038828363,0.020304274,343.52362,441.5334446,1516.771672,1.050044032,0.037821687,675.1487987,1216.298204,1.045543157,0.03821981,894.312503,3080.754564,1.047443845,0.099530755,52.98784125,43.8654351,23.24334711,1.034196625,0.003184984,4259.647524,0
937,91.48532788,41.28511539,37.76982318,1.024106055,0.009554953,224.3427424,461.7939923,1036.001306,1.044041121,0.012341814,858.3416985,1041.313823,1.043270554,0.039812302,729.2543817,5135.557422,1.047826375,0.074449005,34.64101615,17.20213141,5.95899312,1.006416406,0.001194369,6117.001237,1
938,133.4440489,59.20400227,79.00421776,1.039476494,0.028664858,583.6392464,1469.397674,8575.98151,1.043924334,0.016323044,649.5373865,376.0319764,1.046995279,0.082809589,1011.405255,6485.766537,1.041995887,0.067282791,70.71067812,20.64255769,14.59649253,1.029838301,0.001592492,4788.45628,1
939,252.3476697,82.37909598,207.881729,1.034696685,0.042997286,730.3140973,2258.467833,16493.90897,1.04252422,0.023887381,640.4010604,309.3124303,1.05118576,0.113465061,385.159169,497.7450928,1.051279874,0.057329715,0,10.32127885,0,1,0.000398123,5404.295491,1
940,184.6639081,81.36843803,150.2581377,1.03629756,0.058125961,837.1720252,2064.523854,17283.61616,1.031985573,0.030655473,1059.433879,224.0926308,1.039910155,0.132574966,149.8945098,101.8509497,1.043823495,0.033442334,0,0,0,0,0,6233.095218,1
941,430.871772,299.7792334,1291.664095,1.049362299,0.053348485,681.2542349,926.412968,6311.227577,1.04661706,0.039414179,1084.769481,331.3546132,1.043113031,0.118640661,312.7074058,274.6167864,1.048828459,0.093160787,0,0,0,0,0,3241.834504,0
942,84.6955036,37.05508307,31.38398922,1.025486764,0.024285504,720.0826533,575.0426786,4140.782578,1.037544125,0.052950362,993.8856676,1332.932723,1.034814302,0.044191655,195.5193537,144.6138723,1.045436553,0.13177872,0,0,0,0,0,5848.436749,0
943,307.5656974,287.64536,884.6984574,1.044755345,0.042599163,836.9621636,601.5723474,5034.932934,1.041000508,0.054542854,1163.994561,524.4386642,1.043520163,0.090772049,162.3909314,128.3317785,1.05131286,0.092762664,0,0,0,0,0,4133.175361,0
944,372.1588132,233.540801,869.1426735,1.044018088,0.046978517,403.7024412,790.7475767,3192.267271,1.049770746,0.029859227,1024.10803,417.3963042,1.037390256,0.086790819,1058.50882,3936.386749,1.039916167,0.078430235,0,61.92767308,0,1.003060967,0.000398123,3595.397159,0
945,132.6227396,71.31065385,94.57414276,1.035398535,0.039414179,571.4301245,1007.478242,5757.034174,1.043174015,0.033840457,1008.596501,338.6362441,1.045703712,0.100327002,642.7609058,3918.029999,1.048152404,0.04737664,144.0179375,30.4477726,43.85025412,1.019931572,0.00796246,3632.651675,0
946,185.7705474,120.3918298,223.6525612,1.034818005,0.05932033,790.20258,2157.147279,17045.83345,1.032994034,0.026674242,791.7503057,217.0771367,1.046183721,0.149296133,184.2828239,165.1766726,1.049348111,0.03025735,74.32786205,29.14243439,21.66094843,1.031220484,0.006768091,5482.731388,0
947,210.3257375,99.67031564,209.6323264,1.04076736,0.093957033,514.6448638,6761.202184,34796.17977,1.035678604,0.010749322,211.9945371,82.70353142,1.04577085,0.215782678,114.8267616,53.33215616,1.030780534,0.002388738,0,0,0,0,0,6350.818342,0
948,436.9398992,316.38001,1382.390497,1.047266903,0.068875283,702.0288292,2310.301739,16218.98425,1.042553137,0.024683627,843.1165613,112.6141272,1.041766461,0.18313659,221.897006,183.2208699,1.033918502,0.006768091,0,0,0,0,0,4897.684017,0
949,433.0757832,498.8009184,2160.185984,1.046530691,0.044987901,728.6818584,2305.249439,16797.93445,1.037095066,0.02508175,243.5389906,95.25349459,1.044779217,0.207023971,0,0,1.009624609,0.000398123,0,30.96383654,0,1.022753969,0.000398123,5127.133145,0
950,868.7233481,1340.063771,11641.44686,1.034402779,0.038617933,415.5202634,513.7919627,2134.909717,1.052431116,0.06330156,392.4533996,79.46320663,1.040317363,0.193089666,76.19429569,33.24422692,1.038660239,0.008758706,0,0,0,0,0,4273.161046,0
951,867.3714172,1478.171333,12821.23564,1.034717465,0.035034826,359.2530581,297.3383958,1068.19728,1.049733828,0.076837743,1082.673159,161.4770447,1.034513751,0.128991859,271.8869929,236.4937788,1.044722843,0.052154116,0,0,0,0,0,4614.095316,0
952,517.7910464,710.9095479,3681.025987,1.042959226,0.048969132,282.562821,295.997377,836.3785385,1.053026819,0.068079037,1137.217526,261.4502725,1.037236632,0.12381626,318.2333981,486.685679,1.049406382,0.082809589,0,0,0,0,0,2376.815753,1
953,771.3056846,1223.722886,9438.644184,1.039556206,0.041006671,370.7472924,404.6424175,1500.200807,1.047255134,0.068079037,597.6346989,110.7848328,1.040057417,0.176368499,132.9546656,96.05835247,1.048442685,0.037821687,0,0,0,0,0,3471.688907,1
954,478.8129823,7389.24171,35380.6486,1.045253278,0.010351199,366.2545242,172.8814207,633.1860248,1.03975297,0.078032112,368.7868221,68.38619787,1.039326076,0.132973089,124.432681,75.81538865,1.044265027,0.012341814,97.08199817,110.9537476,107.7161152,1.082516895,0.001592492,7446.393773,2
955,723.1352461,2621.450778,18956.63454,1.038564916,0.026674242,451.9277109,351.0610978,1586.542383,1.041698796,0.059718453,135.9658075,63.38985425,1.043487382,0.143324288,0,0,1.003060967,0.000398123,0,0,0,0,0,6511.72633,2
956,944.0255589,654.4335869,6178.020326,1.045548827,0.07643962,687.9682685,826.055172,5682.997463,1.044916191,0.046580394,147.3356773,66.09588184,1.042021029,0.165619177,64.89896566,155.4029546,1.029757982,0.001990615,68.29292191,18.57830192,12.68766522,1.014483251,0.00398123,3878.990948,1
957,923.3789169,244.4731866,2257.413863,1.046497216,0.148499887,937.8377313,1040.118552,9754.624232,1.046815564,0.049367255,148.293624,54.90768563,1.040128089,0.216578924,92.95774648,170.301101,1.012049973,0.001592492,101.4185106,51.60639423,52.33843639,1.044454236,0.003184984,3608.909999,1
958,363.9343377,165.5840695,602.6172868,1.048924596,0.138944935,1051.228394,1057.731057,11119.16921,1.036778547,0.05135787,605.9648452,114.7322606,1.0452243,0.195478404,28.28427125,21.89473879,1.001530483,0.000796246,63.86323196,21.62553663,13.81076662,1.022156357,0.008360583,4053.800742,1
959,556.2188641,170.120659,946.2431973,1.041095882,0.113863184,744.0885794,631.9756864,4702.458907,1.040866378,0.076041497,685.9995221,228.0091059,1.052549041,0.139741181,76.80143025,152.3724368,1.018306946,0.003583107,0,0,0,0,0,2527.583536,0
960,902.9000497,233.8862057,2111.758667,1.0401882,0.109085708,667.4614758,611.7231692,4083.016493,1.045480554,0.071264021,449.9785176,197.0041019,1.049342853,0.155267979,106.0660172,350.3158206,1.037390758,0.000796246,120,25.80319712,30.96383654,1.01531969,0.001592492,2307.117336,0
961,556.7080257,271.14166,1509.467382,1.042386039,0.098734509,1085.320539,917.495809,9957.77046,1.037252515,0.056135346,278.2528586,127.1185139,1.047002509,0.16999853,0,0,1.005195467,0.000398123,0,0,0,0,0,4224.806954,0
962,858.2845696,923.982132,7930.396065,1.048683071,0.054144731,517.5486441,274.7524429,1421.977543,1.041404931,0.119436907,284.9209044,109.3213004,1.045488939,0.156064225,43.04128233,51.08772384,1.040244937,0.000796246,0,0,0,0,0,3331.374153,0
963,913.5180731,681.6080293,6226.612535,1.038651892,0.071264021,964.1735976,639.5713802,6166.578386,1.038717989,0.070865898,260.9366252,80.2343624,1.04186861,0.075643374,0,0,1.008645268,0.000398123,0,0,0,0,0,5001.328354,0
964,873.5494575,1220.010147,10657.39202,1.040646695,0.046978517,769.6837307,713.495262,5491.656951,1.04089234,0.055737223,178.7986442,45.63830783,1.031395912,0.058524084,95.8980113,39.59160462,1.029601407,0.005971845,0,0,0,0,0,6477.218803,0
965,810.2737162,1107.623045,8974.778411,1.044843347,0.049367255,816.8098668,626.6035645,5118.159741,1.040856844,0.06449593,172.8260943,53.85830962,1.037399239,0.087587065,139.9179479,132.8601583,1.053929496,0.001990615,0,0,0,0,0,5280.307836,0
966,990.5451292,479.546809,4750.127559,1.040156771,0.073254636,880.1797279,1819.823601,16017.71842,1.040544475,0.033840457,113.1573994,37.82890733,1.032128887,0.086790819,0,0,0,0,0,10.32127885,0,1,0.000398123,7289.278111,0
967,939.7552433,814.798376,7657.110461,1.04571432,0.049367255,961.4654938,1104.632736,10620.66259,1.040813315,0.048172886,214.9958462,68.64748441,1.036647061,0.09355891,0,0,1.052185147,0.000398123,60.79063851,29.2436234,17.77738539,1.037246013,0.002388738,6550.552561,0
968,384.8063327,414.3563404,1594.469438,1.044549626,0.057329715,1023.881163,1271.209311,13015.67268,1.039241109,0.048571009,279.9041947,90.07428711,1.041382284,0.160443578,0,0,1.018629051,0.000398123,69.2820323,17.20213141,11.91798624,1.028964601,0.001194369,5592.677728,0
969,583.8732094,294.9289979,1722.011406,1.037703836,0.066486545,855.1673388,1789.314469,15301.63293,1.035226007,0.037423564,416.8908061,102.8912533,1.039796599,0.12779749,0,0,1.058077577,0.000398123,134.9569174,48.51001058,65.4676149,1.033177722,0.00398123,6170.266347,0
970,361.4703852,106.9747499,386.6820406,1.038647609,0.042599163,707.7672991,3678.962504,26038.49355,1.042358381,0.021498643,694.0562771,162.0128013,1.044957166,0.065690299,167.0901345,641.329627,1.033487132,0.006369968,231.4967944,105.0653257,243.2228611,1.036739804,0.031053596,9366.259846,0
971,126.2118254,43.48698821,54.88572161,1.038088034,0.029859227,244.5008011,39480.6118,96530.41214,1.040891636,0.002388738,147.591365,54.80453697,1.038532807,0.028266735,89.25945328,102.363523,1.017565855,0.003583107,208.7994439,84.86384829,177.1952433,1.035954062,0.028664858,15491.3943,0
972,139.7233525,45.30866477,63.30678537,1.02768131,0.023489258,199.9651446,59223.49802,118426.3535,1.035370554,0.001592492,221.2270301,79.12980449,1.034134405,0.034636703,118.6920027,330.7643792,1.027638296,0.001194369,193.6015851,67.0883125,129.8840364,1.025395742,0.023091135,16302.24854,0
973,202.4577848,76.48610851,154.8520809,1.037252212,0.037821687,587.4030528,6192.472414,36374.77201,1.036090755,0.013934306,461.7833921,102.8553416,1.041140993,0.091966418,78.56742013,255.4386192,1.039737316,0.000796246,185.1650419,72.79217713,134.7856653,1.030098078,0.015128675,10750.50111,0
974,444.159624,206.7542801,918.3190331,1.042397337,0.062505314,897.9620295,1027.54065,9226.924871,1.041476944,0.057329715,516.4680678,211.6228166,1.044163378,0.112270692,229.9395049,1712.144604,1.031969814,0.002786861,445.7339941,167.499611,746.6027061,1.037016222,0.013934306,4520.880903,0
975,526.497123,188.2303328,991.0272866,1.04023203,0.038617933,833.5785335,2540.392659,21176.16787,1.040274545,0.03025735,340.1118747,232.8650173,1.05005137,0.058125961,81.98110741,77.84578801,1.019756121,0.005971845,280.3344972,80.505975,225.6860202,1.03402006,0.021896766,9383.092676,0
976,198.9170637,137.0908684,272.6971302,1.037780078,0.033840457,738.5265144,3666.226891,27076.05767,1.039303697,0.022693012,444.5608564,205.4208507,1.038174531,0.044987901,105.1889057,335.575063,1.03602726,0.004379353,238.2245152,78.14682555,186.1648964,1.039295077,0.019508028,11528.19992,0
977,329.6341228,275.725592,908.8856368,1.047307723,0.044589778,988.5708707,1568.490342,15505.63863,1.043830769,0.047774763,383.2582474,207.0282793,1.044793971,0.054542854,124.5854805,540.0702235,1.032374493,0.000796246,316.0738871,158.259609,500.2172978,1.025833669,0.007166214,8636.511626,0
978,190.4648513,144.7695165,275.7350442,1.041578252,0.015128675,677.1636947,4887.454936,33096.07042,1.043475246,0.018711782,548.1942737,193.7109581,1.044570738,0.027470489,56.99290041,65.09851766,1.020652121,0.005971845,137.500469,44.38149904,61.02476934,1.036524507,0.00796246,16512.12076,0
979,0,41.28511539,0,1.034513382,0.000398123,0,243014.5104,0,1.098014479,0.000398123,138.9309728,44.5444666,1.036804163,0.015128675,196.0711033,566.6372687,1.032843713,0.004379353,150.6819637,79.29763016,119.4872263,1.038821793,0.016323044,25327.62486,0
980,144.1592626,37.15660385,53.56468613,1.012419592,0.00398123,0,234871.0214,0,1.108915995,0.000398123,93.58349119,31.94681548,1.027318171,0.008360583,346.3799441,1797.292224,1.023637598,0.008758706,285.1988695,78.56810224,224.0753394,1.030175114,0.019508028,23142.44374,0
981,102.6710497,105.7931082,108.6188946,1.049361186,0.004777476,0,223930.4659,0,1.099523634,0.000398123,105.3713172,43.94867122,1.032721882,0.012341814,239.4989823,729.221055,1.027502872,0.006369968,335.1871886,789.7842573,2647.255648,1.031673258,0.009953076,24298.79554,0
982,277.0461189,200.7413944,556.1462422,1.044432592,0.027470489,466.1665327,9939.391529,46334.11686,1.037080498,0.008758706,213.0239294,84.76766433,1.046300981,0.061709068,130.4736736,426.440803,1.038585177,0.002388738,157.6832581,71.21682404,112.2970084,1.032455287,0.019906151,12506.57387,0
983,227.9164913,155.3226597,354.0059562,1.043362302,0.016323044,314.5221194,8933.066842,28096.47116,1.054207597,0.008758706,133.1399645,39.97862439,1.029562174,0.062903437,369.525662,2095.992468,1.036977613,0.017915536,666.7778962,288.4525825,1923.338061,1.03333032,0.022693012,7592.96176,0
984,200.8456435,179.8482839,361.2174431,1.042120003,0.015924921,244.7343026,37684.70928,92227.41043,1.043739152,0.002388738,116.8206824,44.72554167,1.031929861,0.042997286,126.0618105,302.7270436,1.031882909,0.011943691,191.228635,70.38366057,134.5937134,1.024356494,0.033044211,13823.15539,0
985,0,0,0,0,0,139.2606365,44.32952138,61.73357364,1.035057519,0.0553391,829.3255878,920.1576475,1.047028694,0.052552239,1209.566526,7281.071841,1.043063774,0.081615219,78.99367063,25.80319712,20.38289254,1.025725404,0.002388738,6201.641692,0
986,0,0,0,0,0,144.2100578,43.61401933,62.89580248,1.038368685,0.077633989,1118.842525,887.8864101,1.043189839,0.064097807,947.3472257,3930.689622,1.044944471,0.095549525,121.2183053,72.24895193,87.57895516,1.023173273,0.000796246,5721.946173,0
987,0,0,0,0,0,343.6075997,63.16103344,217.026111,1.039651519,0.126603121,938.2876775,445.5144781,1.042803902,0.099132632,1057.057099,7216.836822,1.041216256,0.070069652,0,0,0,0,0,4267.157994,1
988,0,0,0,0,0,288.7536565,67.2455619,194.1740188,1.03930962,0.143722411,749.2821155,2933.781212,1.04361099,0.024285504,505.2080147,1000.861758,1.044954848,0.096345771,0,0,0,0,0,6691.817527,1
989,0,0,0,0,0,243.2900285,50.91830898,123.8791684,1.036407732,0.113465061,1008.168076,792.7005117,1.04339856,0.062505314,1034.369146,5775.502578,1.040881177,0.077235866,185.1356025,243.1951328,450.2407744,1.034856642,0.006369968,5030.273174,0
990,0,0,0,0,0,278.5471664,93.60653797,260.7383591,1.047108216,0.132176843,1043.191056,451.8959917,1.038423811,0.10271574,1099.441655,5189.445666,1.040313982,0.085994573,159.2252782,389.6282765,620.386707,1.025345346,0.001592492,3778.714511,0
991,0,0,0,0,0,321.2241349,77.88327323,250.1798707,1.038730721,0.082411466,873.7554368,432.7184042,1.037533313,0.084800204,901.0115119,7406.171214,1.044723567,0.064097807,155.5060207,1758.05783,2733.885773,1.031543261,0.002388738,4509.76425,0
992,0,0,0,0,0,155.4994188,56.57060793,87.96696657,1.040961573,0.115057553,592.459424,207.1524276,1.045591636,0.141333673,925.0712737,14812.33935,1.040782217,0.037821687,138.7406639,1310.802414,1818.615971,1.06056955,0.002786861,5355.36802,0
993,0,0,0,0,0,203.1072878,71.84868072,145.9299068,1.046375258,0.143722411,399.1313786,141.8053963,1.048934437,0.155666102,775.788372,18725.92394,1.039904631,0.026674242,0,8071.240058,0,1.044681231,0.000398123,5375.346812,0
994,0,0,0,0,0,164.0761961,87.87712314,144.1854408,1.049583273,0.098336386,298.1076567,153.94142,1.046046527,0.13575995,834.7687443,19378.55231,1.027743204,0.028664858,250.056638,1092.908749,2732.890874,1.028073847,0.003583107,6370.945758,0
995,0,0,0,0,0,279.8949872,100.1345123,280.2714804,1.047430802,0.113465061,646.0136346,193.4250281,1.044322989,0.134963704,989.041663,12903.30744,1.037630125,0.046580394,180.2781791,1106.957156,1995.602205,1.062544616,0.001592492,5186.101048,0
996,0,0,0,0,0,272.038222,123.7663696,336.6918314,1.048736829,0.092364541,446.714336,249.5776813,1.048568248,0.116650045,1037.66246,12667.6518,1.045351199,0.048571009,87.98023407,100.6324688,88.53668156,1.053285538,0.001592492,5534.884402,0
997,0,0,0,0,0,122.7225469,62.20290718,76.33699192,1.037710956,0.029859227,649.5529995,564.2299103,1.040967421,0.071662144,926.0357121,10968.06404,1.042800145,0.046978517,92.29658398,576.8448066,532.4080514,1.062438528,0.003583107,6589.363637,0
998,0,123.8553462,0,1.065903455,0.000398123,287.610587,63.92533995,183.8560455,1.034698514,0.074050882,776.2962408,1155.522459,1.045778158,0.044589778,589.9331116,6420.023798,1.048169947,0.039016056,134.5325239,344.0426282,462.8492312,1.049908432,0.003583107,5676.40863,0
999,0,0,0,0,0,254.6183113,99.9007363,254.3655677,1.045802436,0.10669697,1009.202707,729.3703718,1.040331592,0.06330156,477.4401892,2901.472235,1.042695251,0.062903437,160.605609,1552.062307,2492.699119,1.031997602,0.003184984,4110.321666,1
1000,0,0,0,0,0,325.2513244,141.3311478,459.6814301,1.049691422,0.105104478,651.6796279,342.1719782,1.044502583,0.104706355,1110.42831,7751.699786,1.039403484,0.06330156,184.821048,920.0682858,1700.479848,1.032973094,0.005573722,3953.451703,1
1001,0,0,0,0,0,477.2569635,168.8796075,805.9896867,1.044758483,0.132973089,936.9342309,329.5873984,1.042982021,0.100725125,1246.767647,5593.965404,1.042047083,0.08957768,80.55294996,1739.135486,1400.924938,1.028313125,0.002388738,3438.923684,1
1002,0,0,0,0,0,495.7989359,298.1962237,1478.453704,1.047864737,0.087985188,327.1320306,168.8561219,1.045694697,0.129389982,919.25185,7711.70174,1.040785805,0.056931592,116.0869531,869.5677428,1009.454698,1.065758533,0.004777476,3602.453612,0
1003,0,0,0,0,0,456.3069978,165.1736489,753.6989186,1.046817969,0.12381626,516.4387463,350.6553956,1.051361634,0.091966418,849.0555822,5944.199684,1.047383267,0.065690299,149.7366523,365.8319947,547.7845819,1.032923469,0.003583107,3074.441056,0
1004,0,0,0,0,0,392.5367109,108.1018153,424.3393102,1.044662221,0.143722411,626.1026499,479.0105513,1.048845032,0.079624604,698.2485502,4063.154281,1.045356476,0.069273406,150.3199423,5033.343651,7566.119274,1.039757314,0.001194369,2585.020129,0
1005,0,0,0,0,0,261.0878882,101.3872562,264.709846,1.044059425,0.175572253,929.4485336,802.7890687,1.042994526,0.059718453,463.6849563,1631.777121,1.050216887,0.091170172,234.3212744,363.9971007,852.922645,1.032510433,0.005971845,3284.940007,0
1006,0,0,0,0,0,495.5018665,237.2923482,1175.788014,1.049224562,0.127001244,783.3387839,609.3906866,1.045081999,0.066088422,668.2318543,1761.035865,1.037901436,0.08957768,166.0686591,5009.260667,8318.812022,1.048792129,0.001194369,2680.198304,0
1007,0,0,0,0,0,853.4599878,424.9336033,3626.638279,1.038274704,0.100327002,711.6260266,464.4575481,1.048824955,0.091568295,562.9353221,910.2666144,1.040718374,0.078828358,237.4470811,875.5884888,2079.059309,1.027948074,0.002388738,2959.760876,0
1008,0,0,0,0,0,667.7580171,627.5123626,4190.26411,1.040190279,0.076837743,811.8609554,668.6089449,1.036894739,0.070467775,329.1523888,294.6073189,1.03724026,0.050959747,124.4514591,89.45108334,111.3231784,1.037190708,0.001194369,4146.888456,0
1009,0,0,0,0,0,1083.801634,913.1296109,9896.513646,1.035799284,0.060912822,801.6944024,395.9943934,1.048034236,0.103113863,106.7319457,50.35076936,1.036018411,0.073254636,87.82652573,22.70681346,19.94260537,1.008201626,0.00398123,5386.275814,0
1010,48.98979486,17.20213141,8.427288889,1.020719602,0.002388738,593.479841,1440.68817,8550.19386,1.045218096,0.035432949,967.7312576,374.9324771,1.04730557,0.111076323,632.1124225,565.1115957,1.033865274,0.081217096,0,10.32127885,0,1,0.000398123,4216.170258,0
1011,66.93525289,27.70448533,18.54406731,1.023229357,0.007564337,848.4617046,1593.539573,13520.57303,1.035340228,0.037423564,970.6380904,246.9365964,1.047022598,0.143324288,180.8029537,142.045933,1.037545558,0.060514699,0,20.64255769,0,1.009624609,0.000398123,5546.495384,0
1012,45.41475531,27.52341026,12.49968942,1.039714496,0.002388738,740.3093784,723.2428973,5354.234997,1.039897987,0.054542854,904.1309194,774.0325928,1.051083113,0.064894053,323.4120404,373.6193957,1.045181075,0.088781434,0,0,0,0,0,4750.782187,0
1013,34.64101615,17.20213141,5.95899312,1.006416406,0.001194369,898.1960878,640.9445811,5756.939152,1.040725507,0.060116576,1182.628509,625.6440869,1.040167445,0.080022727,250.3004987,254.6646563,1.042447122,0.111872569,0,0,0,0,0,5016.995711,0
1014,141.950143,43.09133918,61.1682176,1.034695057,0.015924921,835.747311,1337.127473,11175.0069,1.045720981,0.035432949,1017.659959,356.7708973,1.04546808,0.104706355,514.4888049,2047.883394,1.039695873,0.036627318,0,0,0,0,0,5554.528811,0
1015,113.0802094,43.29203072,48.95471897,1.029704922,0.028664858,614.9594605,4745.141788,29180.69834,1.035027949,0.015526798,454.35372,133.9279195,1.040417491,0.165221054,509.357278,1021.605433,1.030348868,0.014730552,0,0,0,0,0,7700.312227,1
1016,118.0289067,46.32573994,54.67776435,1.029559899,0.05135787,629.2803914,4484.46979,28219.88904,1.032842057,0.016323044,318.0723757,140.1734792,1.048557762,0.171989145,87.68572966,28.65924744,1.025659986,0.009554953,0,0,0,0,0,7230.280708,1
1017,108.9571362,54.97361996,59.89768195,1.03192063,0.056135346,552.6979574,5916.090446,32698.11106,1.034124226,0.012341814,386.5524162,128.2319429,1.046794919,0.175572253,199.100095,176.8353697,1.033134191,0.015128675,84.85281374,51.60639423,43.78947758,1.020449589,0.000796246,7133.814555,1
1018,137.0915893,57.61304012,78.98263233,1.031312826,0.048571009,869.8405607,1029.332538,8953.551923,1.041840424,0.03821981,745.6028162,409.8441671,1.04712241,0.101123248,365.1102142,840.8383741,1.05382671,0.071264021,0,10.32127885,0,1,0.000398123,3951.005904,0
1019,483.4396148,244.824233,1183.577329,1.047401355,0.046978517,642.5840499,778.7506079,5004.127194,1.048827452,0.040608548,1030.928906,451.1755837,1.040462767,0.099928879,236.1290945,269.9689374,1.050880403,0.103113863,0,0,0,0,0,3345.144748,0
1020,310.2222368,189.2234455,587.0132053,1.043775743,0.044191655,739.4336593,550.9722166,4074.074023,1.038537329,0.062505314,948.786539,603.8734009,1.040700798,0.078430235,197.8965844,191.0099499,1.048247043,0.101919494,0,0,0,0,0,3556.863336,0
1021,191.798612,51.2623516,98.32047887,1.031508235,0.023887381,864.7444934,1782.523084,15414.27021,1.030232683,0.032247965,935.6035829,352.5941914,1.048824629,0.1106782,133.3927383,87.97983313,1.045763204,0.032646088,161.8767483,48.16596795,77.96950269,1.022668579,0.002388738,6622.472653,0
1022,104.8109106,44.6196824,46.76629541,1.025683262,0.051755993,562.9749006,5419.316474,30509.39153,1.023002387,0.012739937,325.2060167,143.0389889,1.051342303,0.188710312,310.2164654,478.1400426,1.030019818,0.005971845,103.9613954,40.16323725,41.75426188,1.038304224,0.018313659,6545.716867,0
1023,118.0572579,42.70874005,50.42076741,1.028286181,0.034636703,875.9119499,1779.617835,15587.88528,1.03835112,0.035831072,787.2714697,229.8532416,1.046073521,0.150490502,0,0,0,0,58.88673075,22.93617521,13.50636374,1.024395282,0.007166214,6348.724153,0
1024,121.2322062,62.40040341,75.64938575,1.035702116,0.052154116,889.6392538,1654.307475,14717.36868,1.042626482,0.03821981,912.1621688,243.6420143,1.04824318,0.137352443,0,0,1.014716284,0.000398123,0,0,0,0,0,6264.914308,0
1025,400.8510175,217.7549807,872.8730557,1.045879311,0.08559645,663.888251,3132.192172,20794.25583,1.044747589,0.019508028,281.1399789,115.3830039,1.048234191,0.175572253,0,0,0,0,0,0,0,0,0,5509.791917,0
1026,581.4445156,270.7252209,1574.116949,1.042106739,0.064097807,549.8643252,2895.216087,15919.7604,1.04001105,0.02110052,288.5489136,102.503693,1.046397351,0.208616463,75.92405949,28.73322427,1.036109635,0.003583107,42.5523159,23.2228774,9.881872154,1.025537068,0.001592492,4320.278313,0
1027,625.5967314,385.3066367,2410.465725,1.046043576,0.064894053,717.0321586,1539.49412,11038.66792,1.039167341,0.035432949,263.3512702,102.0819711,1.046121875,0.199857757,0,0,0,0,38.56946079,56.76703366,21.89473879,1.009314525,0.000796246,3962.97341,0
1028,260.3075375,88.25746606,229.7408366,1.033171571,0.019508028,788.5534476,2838.835493,22385.73515,1.029613217,0.025479873,546.7704667,254.2677401,1.05012383,0.101521371,87.20187307,72.00278783,1.056216027,0.001592492,0,0,0,0,0,9349.054769,0
1029,156.4283467,121.9201064,190.7176067,1.042870056,0.057329715,722.9225852,1328.864652,9606.662692,1.042496703,0.033442334,851.4439826,528.9938961,1.046427025,0.07245839,269.064771,494.1241064,1.054068238,0.055737223,0,10.32127885,0,1,0.000398123,4565.199369,1
1030,875.1568859,1147.538548,10042.76262,1.041748029,0.043793532,756.4852275,547.3878235,4140.908022,1.046823972,0.06847716,161.8655835,56.22786237,1.037255245,0.21339394,149.644465,82.37452007,1.035838704,0.004777476,0,0,0,0,0,4117.132034,3
1031,601.0878603,795.401982,4781.064755,1.043830066,0.055737223,489.1766504,399.464768,1954.088371,1.049520255,0.065690299,755.3066097,152.3539954,1.03587018,0.151684871,490.1021513,532.5263868,1.042014862,0.058125961,0,0,0,0,0,2300.401897,4
1032,683.0312059,3915.205109,26742.07267,1.028426466,0.019109905,394.9157272,257.4513992,1016.716065,1.045226389,0.063699684,198.3751884,54.7133098,1.036163696,0.156064225,123.0808822,107.0725347,1.04432142,0.002786861,0,0,0,0,0,7536.951767,4
1033,832.3210752,1321.211161,10996.71894,1.040819551,0.046978517,927.0065512,520.9401371,4829.149198,1.042060273,0.050561624,237.38156,75.4659739,1.039521064,0.153277363,0,0,1.030403101,0.000398123,0,0,0,0,0,5231.458868,2
1034,491.0513527,396.7157048,1948.077835,1.044601099,0.091170172,563.8306593,409.8389351,2310.79757,1.045788554,0.092762664,337.8081441,143.5528229,1.051058341,0.165221054,0,0,1.030011314,0.000398123,219.7885477,395.0234904,868.2163928,1.068975579,0.004379353,1582.672103,2
1035,384.9948425,437.9240718,1685.985091,1.044015961,0.084402081,750.046111,477.7872715,3583.624848,1.041658528,0.088781434,269.2910104,111.3937099,1.047965303,0.172785392,192.4590463,682.0053959,1.021302012,0.003583107,96.56086164,28.67021902,27.68421052,1.029673603,0.003583107,1993.338501,1
1036,557.7263098,464.4575481,2590.401943,1.047349118,0.091966418,613.1446369,281.7301706,1727.413432,1.042946543,0.121029399,297.522252,135.4487826,1.050631302,0.171192899,0,0,0,0,0,0,0,0,0,1621.184175,0
1037,893.7477505,942.0836244,8419.8512,1.037292365,0.057727838,402.0131399,352.5603356,1417.338875,1.048000763,0.090373926,270.3397098,90.32484239,1.044938642,0.150490502,47.14045208,94.87720142,1.041772535,0.000796246,0,0,0,0,0,3785.420005,0
1038,667.5082109,676.2975664,4514.341786,1.04387454,0.072856513,750.0161669,543.7565539,4078.262062,1.042751192,0.072856513,170.4781262,79.73925143,1.045266937,0.139343058,0,0,0,0,0,0,0,0,0,3082.651838,0
1039,350.5737335,211.0890119,740.02263,1.04479755,0.11983503,807.6755034,2435.672224,19672.3279,1.03568761,0.027470489,188.1135578,65.70290595,1.03997777,0.118640661,0,0,0,0,0,0,0,0,0,6340.471586,1
1040,346.6797479,70.12043917,243.0933618,1.034159999,0.102317617,264.2983859,32889.49228,86926.39723,1.034753315,0.002786861,66.72695771,25.45915449,1.025233883,0.017915536,0,0,1.030403101,0.000398123,124.2423226,45.3593044,56.35545329,1.043545708,0.015128675,12328.89348,1
1041,388.0711736,135.858948,527.2294139,1.034988931,0.090373926,456.9796775,10178.25541,46512.55875,1.026362075,0.008360583,104.0911479,37.27128472,1.03244906,0.021498643,76.14996105,306.526343,1.030830493,0.000796246,341.0323049,164.242959,560.1215489,1.046848389,0.00915683,11791.39566,0
1042,419.480725,127.0346687,532.8859491,1.035514008,0.089179557,534.8224527,7091.786286,37928.46536,1.038858593,0.011545568,173.9731682,60.42172136,1.04221881,0.111872569,0,0,1.003060967,0.000398123,0,10.32127885,0,1,0.000796246,8819.500443,0
1043,248.7759665,134.0434472,333.4678813,1.035659344,0.061709068,434.6958736,10884.60338,47314.92176,1.035748976,0.007564337,205.4103957,65.55171762,1.042203253,0.141731796,51.42594772,58.3859701,1.033922178,0.000796246,0,30.96383654,0,1.022753969,0.000398123,8933.461966,0
1044,366.4636051,157.9729068,578.9132092,1.03768068,0.085994573,772.6271586,3039.53202,23484.24988,1.030405189,0.024285504,177.7093648,66.34122662,1.045574437,0.178757237,0,0,1.003060967,0.000796246,130.0930369,48.16596795,62.66057046,1.033657818,0.014332429,6641.687051,0
1045,283.0925624,208.4164835,590.0115637,1.048963499,0.078430235,787.669094,2353.706928,18539.42203,1.036687173,0.027072365,321.6951383,88.31936417,1.044126594,0.181544098,127.6327718,520.3467041,1.032002119,0.001592492,277.1262402,1020.516446,2828.118857,1.028246166,0.003184984,5666.276342,0
1046,356.5742082,123.7443647,441.2404885,1.041380208,0.074050882,942.4179129,968.6422827,9128.658384,1.040391863,0.06330156,950.0643055,221.0335159,1.039702533,0.098734509,123.5566375,344.3208775,1.031979913,0.004777476,460.3855015,340.1629986,1566.061127,1.032712155,0.018711782,4716.158914,0
1047,148.9533032,62.08058091,92.47107593,1.032629694,0.053746608,141.3965106,117497.4384,166137.2779,1.103371933,0.000796246,52.8657079,25.06596291,1.021029297,0.005573722,150.3530206,218.8904741,1.022711145,0.007564337,265.1385243,93.71721193,248.4804327,1.035116194,0.019906151,15837.72187,0
1048,151.786658,56.76703366,86.16478324,1.037355522,0.037423564,141.3969153,119442.9995,168888.7168,1.07336435,0.000796246,31.6227766,20.64255769,1.018044689,0.002388738,164.5360402,263.2244645,1.023009926,0.011147445,181.1707032,48.02554239,87.00821285,1.021181615,0.019508028,17848.96949,0
1049,147.0151471,62.15703483,91.38025618,1.034234053,0.017915536,315.8576445,23513.93747,74270.56903,1.041097481,0.00398123,176.6372105,82.1982928,1.042094388,0.044191655,76.33320844,122.9055874,1.038405104,0.001990615,137.1741274,132.5252204,181.7903147,1.046439975,0.009953076,16772.57383,0
1050,216.2528951,95.1176678,205.6947103,1.038427158,0.020304274,446.0110589,11312.63768,50455.6151,1.034302104,0.00796246,291.7093446,113.8586358,1.043037135,0.06330156,68.33145063,162.2116299,1.046738803,0.001194369,83.16917323,29.28362836,24.35495159,1.02513204,0.01711929,13581.12193,0
1051,143.8000693,39.99495553,57.51277378,1.020665924,0.006369968,141.3970026,119871.3325,169494.4712,1.071361226,0.000796246,129.6693968,48.26288137,1.031604152,0.028266735,80.23402888,125.252815,1.026887126,0.003184984,163.393517,142.3376362,232.5704698,1.05389731,0.01711929,20253.77894,0
1052,0,0,0,0,0,0,244480.132,0,1.085190476,0.000398123,38.71709967,33.54415625,1.026848799,0.001592492,136.8615532,357.1825242,1.026543172,0.005573722,153.994663,66.15001443,101.8674918,1.046234629,0.017517413,30788.65285,0
1053,0,0,0,0,0,0,246709.5283,0,1.084134838,0.000398123,68.65715341,23.2228774,1.020593348,0.004777476,59.59003301,60.85711856,1.017937101,0.007564337,155.9273209,32.14341127,50.12036003,1.025869712,0.027868612,24423.56732,0
1054,28.57142857,18.06223798,5.160639423,1.007218457,0.001592492,0,243871.1766,0,1.096147563,0.000398123,101.9445155,44.72554167,1.039555795,0.004777476,129.1076335,192.2687779,1.027551337,0.013934306,83.43223298,18.34894017,15.30893051,1.016621213,0.032247965,21141.82124,0
1055,160.0255112,136.7569447,218.8459999,1.045920121,0.001592492,244.7891535,37965.10402,92934.45678,1.053506361,0.002388738,95.34666383,46.04878255,1.039712871,0.031053596,95.77825142,150.4798928,1.030829555,0.010749322,523.347717,180.808909,946.2592971,1.034322806,0.033044211,16182.87705,0
1056,174.8413424,52.4665008,91.7331343,1.033112409,0.004777476,244.7750318,37789.64228,92499.6089,1.043704144,0.002388738,132.2778259,54.18671394,1.036446971,0.022294889,82.8981299,87.70050824,1.026097001,0.006369968,493.9080149,214.4274673,1059.074447,1.038332287,0.035432949,16943.46713,0
1057,0,10.32127885,0,1,0.001990615,274.0589489,28513.82297,78144.68353,1.05263985,0.003184984,68.43604926,30.13813423,1.020876473,0.009953076,106.1595086,131.4842269,1.02929375,0.005971845,515.4943961,400.1013388,2062.49998,1.037484939,0.020304274,21781.16433,0
1058,0,0,0,0,0,0,240888.327,0,1.112508308,0.000398123,80.03898063,34.01330529,1.034323224,0.017517413,86.24094155,109.9556054,1.026390968,0.006768091,152.8605162,77.95601199,119.1639624,1.028559971,0.033840457,19862.58607,0
1059,122.6769904,44.72554167,54.86794845,1.028856669,0.023887381,299.6950483,25382.3183,76069.55109,1.040007833,0.003583107,218.9048964,104.5643845,1.046063191,0.033442334,180.0108161,796.5925588,1.029794752,0.003184984,250.3771436,87.84815746,219.9517073,1.029928603,0.035034826,14459.90795,0
1060,129.2219793,84.86384829,109.6627445,1.036278074,0.007166214,356.978921,15522.46615,55411.93219,1.056318904,0.005573722,109.0833788,42.49292461,1.031385731,0.037423564,286.617615,1506.494071,1.036562877,0.015924921,491.0474798,140.7266674,691.0347534,1.028731306,0.020702397,14097.38495,0
1061,102.7836859,58.90681098,60.54659156,1.037516647,0.016323044,166.1327367,35859.56314,59574.4736,1.076743402,0.002388738,135.3730602,47.05803406,1.035549644,0.046978517,225.7393056,749.2805505,1.034917798,0.017517413,563.1058893,249.0486359,1402.407536,1.033691395,0.021498643,9838.146507,0
1062,0,0,0,0,0,162.8108871,49.97056891,81.3575265,1.036536853,0.105502601,721.4557353,319.6906858,1.04174068,0.122223768,1232.610509,9843.283495,1.028829401,0.069671529,0,41.28511539,0,1.034513382,0.000398123,4982.934811,0
1063,0,0,0,0,0,225.3318451,57.51739369,129.6050044,1.038999682,0.134167458,380.6620504,181.2055029,1.047850583,0.14093555,860.6081822,18223.8998,1.029996959,0.031451719,28.28427125,180.6223798,51.08772384,1.062786851,0.000796246,5847.560377,0
1064,0,0,0,0,0,278.9304729,57.84831049,161.356566,1.038450728,0.083605835,569.8076028,326.7920401,1.040580222,0.113066938,1082.292197,12169.12288,1.037110477,0.051755993,0,51.60639423,0,1.08842573,0.000398123,5687.429956,0
1065,0,0,0,0,0,247.9295952,55.42572209,137.4167684,1.033974719,0.090373926,756.7204115,428.112532,1.04461713,0.093160787,1059.958398,10170.38206,1.042764498,0.0553391,187.4049874,560.789484,1050.947462,1.059856344,0.003583107,5257.124353,0
1066,0,0,0,0,0,245.5669687,76.67235715,188.2819832,1.04207691,0.050163501,937.2075095,1727.846587,1.040507876,0.03821981,672.3404956,2273.073035,1.039600054,0.083207712,271.083263,276.9543157,750.776796,1.048970843,0.007166214,7643.368116,0
1067,0,0,0,0,0,182.1455813,72.05235614,131.2401829,1.044829087,0.083605835,948.6017087,1515.103021,1.042131093,0.040608548,546.3115128,1711.679097,1.043138432,0.098336386,97.91215809,1029.547565,1008.052239,1.059434842,0.001592492,6219.858925,0
1068,0,0,0,0,0,253.3382309,77.59259275,196.5717018,1.040866153,0.056135346,1161.997312,732.6954766,1.036855548,0.071264021,1033.226715,5088.985845,1.040962272,0.086790819,163.8244124,571.1107628,935.6188512,1.060711606,0.001194369,5863.219799,0
1069,0,0,0,0,0,221.4158046,100.4020831,222.30608,1.044719777,0.089179557,518.5301836,341.2707868,1.045349363,0.098336386,1080.287222,12186.54217,1.034959134,0.050959747,0,0,0,0,0,5744.118168,0
1070,0,0,0,0,0,561.1961392,161.2413118,904.8800164,1.042665924,0.107493216,969.9537336,984.4854598,1.053780583,0.054940977,596.6666251,1359.727365,1.046003495,0.125408752,0,0,0,0,0,4302.117945,0
1071,0,0,0,0,0,581.823643,234.1185857,1362.157284,1.045764083,0.113066938,548.3866376,282.8984186,1.050230636,0.120631276,819.7533669,2790.019901,1.044188275,0.113465061,172.7579451,492.8410649,851.4220965,1.045051676,0.001592492,1990.43831,0
1072,0,0,0,0,0,589.7433292,255.0606939,1504.203428,1.046339236,0.105104478,730.1560702,332.4342834,1.047577844,0.1106782,607.4252182,2007.823068,1.042539777,0.108289462,88.88686425,505.7426635,449.5387947,1.066047881,0.001194369,2017.431133,0
1073,0,0,0,0,0,448.79754,264.0074484,1184.858934,1.048757358,0.105900724,430.8951092,153.6108379,1.046434581,0.163230439,1129.056249,6675.330008,1.036595805,0.076041497,241.6483271,504.7105356,1219.624566,1.042133302,0.00398123,3215.366982,0
1074,0,0,0,0,0,467.8475305,223.4390398,1045.35403,1.048475341,0.123418137,834.4814636,240.8728451,1.046015411,0.127399367,766.3833545,3397.58985,1.04563938,0.092762664,97.29537709,219.6957926,213.7538499,1.04346721,0.002786861,2227.704116,1
1075,0,0,0,0,0,289.0123944,121.6494792,351.5820725,1.045035015,0.150888625,921.2947975,623.2965973,1.046408402,0.075643374,704.7994513,2374.602714,1.043393001,0.101521371,112.424266,91.60134976,102.9821451,1.0353183,0.003184984,3052.675869,1
1076,0,0,0,0,0,315.1060177,142.7071457,449.6788038,1.047347805,0.126204998,960.0874863,899.8019717,1.04738711,0.057727838,613.872701,1680.694456,1.046953757,0.098336386,136.2788679,1961.042981,2672.487173,1.043337342,0.001592492,4035.698508,0
1077,0,0,0,0,0,577.8400847,232.1262448,1341.31849,1.04929958,0.120233153,693.9608616,651.3422769,1.047662285,0.070865898,450.7659314,963.1892834,1.047942891,0.117844414,104.4405117,314.7990048,328.7776914,1.029028679,0.002388738,2388.95733,1
1078,0,0,0,0,0,902.6600284,367.0997396,3313.662614,1.044693956,0.109483831,565.3170864,272.7070638,1.04641727,0.134963704,271.9700438,445.2973327,1.046006229,0.13695432,221.9497205,181.9125397,403.7543733,1.029004155,0.003184984,2007.124252,1
1079,0,0,0,0,0,873.1348898,213.7406581,1866.244259,1.046854606,0.123020014,666.2815123,361.4924703,1.048431081,0.099530755,735.165992,2478.888885,1.045444065,0.105900724,135.2147374,1689.249305,2284.114011,1.068911739,0.001194369,2244.281377,0
1080,0,0,0,0,0,670.7610041,167.5884572,1124.118018,1.046108351,0.124214383,1122.164836,729.3265447,1.042243826,0.062505314,603.1889155,1943.932124,1.046411063,0.101123248,182.6693642,632.1783294,1154.796135,1.045803018,0.001592492,4037.648667,0
1081,0,0,0,0,0,250.398596,124.9188971,312.7951646,1.047164098,0.16999853,1029.13312,1154.984397,1.033976547,0.049367255,295.7725054,481.7478647,1.046443556,0.132574966,150.156156,95.47182933,143.356829,1.038223425,0.001592492,4455.304747,0
1082,0,0,0,0,0,405.1302896,158.0083419,640.139653,1.044561246,0.141731796,874.8267437,1739.313439,1.038568585,0.034636703,506.6642643,941.7431268,1.04257315,0.093160787,15.74591643,37.8446891,5.95899312,1.030593577,0.001194369,5488.070067,0
1083,0,0,0,0,0,353.1684215,129.8893246,458.7280772,1.042162224,0.103511986,819.2348111,2186.995302,1.037617448,0.029461104,704.9503411,1820.70524,1.04355597,0.084800204,89.29645127,30.96383654,27.64960721,1.026232403,0.007166214,6584.364657,0
1084,0,0,0,0,0,512.5246583,340.7064573,1746.204606,1.039497445,0.078828358,976.3471869,1241.31809,1.041504219,0.044589778,366.2337816,621.5164963,1.041418821,0.099928879,174.2738047,130.9512254,228.2136828,1.033041834,0.006369968,5447.971269,0
1085,0,20.64255769,0,1.009624609,0.000796246,771.693752,459.6487705,3547.080843,1.047036354,0.070069652,683.8907921,941.6829004,1.043096658,0.053746608,562.6923217,1162.102002,1.037101354,0.082411466,65.72315823,45.15559495,29.67768312,1.035699717,0.003184984,3916.557755,0
1086,0,10.32127885,0,1,0.000796246,1017.42977,998.4172562,10158.19439,1.036650867,0.049367255,1005.912021,371.125984,1.04522185,0.10271574,504.595413,701.6944261,1.034474089,0.089179557,91.16846117,56.76703366,51.75363104,1.023178462,0.003184984,5171.040443,0
1087,0,0,0,0,0,586.8007822,1399.297823,8211.09057,1.047132509,0.042997286,671.2912766,313.8607067,1.048709695,0.113863184,174.2265011,121.4984968,1.036751073,0.045784148,246.6911561,64.87660989,160.044859,1.028208236,0.013934306,3981.131172,0
1088,0,0,0,0,0,797.2907671,2499.843653,19931.02264,1.035921852,0.027470489,851.9645572,219.4486023,1.049985123,0.135361827,147.0966191,67.40919991,1.030093207,0.029859227,111.2047849,31.99596442,35.58104342,1.014626574,0.00796246,7530.007027,0
1089,70.71067812,41.28511539,29.19298505,1.0535284,0.002786861,687.8734238,3521.873108,24226.02913,1.035214906,0.019508028,666.8238101,175.8160177,1.040356687,0.173979761,77.34401676,26.73340456,1.031765397,0.01711929,0,0,0,0,0,7397.167127,0
1090,96.82202817,39.33770428,38.08756312,1.028560136,0.02110052,660.9559818,3825.754026,25286.55008,1.0320401,0.017915536,474.1867474,166.1795165,1.042788846,0.177960991,278.9579219,172.0825679,1.029692644,0.01711929,0,0,0,0,0,7025.896918,0
1091,110.8877007,38.67974403,42.89107879,1.028974003,0.041006671,722.476163,2977.782777,21513.77075,1.029560728,0.021896766,595.7246479,190.4835535,1.048950668,0.165221054,203.8897696,125.3750055,1.03212844,0.028266735,0,0,0,0,0,6350.699511,0
1092,138.0590792,48.40953795,66.83376232,1.031375298,0.044987901,758.1739942,2763.30374,20950.65034,1.025568151,0.023489258,398.0780729,195.1088448,1.049375246,0.156860471,384.2886153,344.3512917,1.038428094,0.017517413,0,1857.830192,0,1.0383919,0.000398123,6537.022332,0
1093,117.6129458,54.99969139,64.68675723,1.036760841,0.029062981,817.3559526,2066.068967,16887.13769,1.038585738,0.029461104,575.5586226,243.4050701,1.047113453,0.134565581,332.7171838,688.5896076,1.041433316,0.023091135,0,0,0,0,0,6331.692745,0
1094,187.8697595,111.0792767,208.6843699,1.041123681,0.073652759,892.7688875,1429.067067,12758.26615,1.039386034,0.03821981,728.2586853,232.9530743,1.045224834,0.136158073,286.7569659,519.5049922,1.048882213,0.03025735,0,0,0,0,0,4877.040069,0
1095,283.7130572,116.0361955,329.2098377,1.040680862,0.039414179,572.215163,493.5966282,2824.43475,1.041357998,0.072060267,1169.778281,765.8996038,1.03796171,0.067680914,162.4132771,132.1368773,1.053041149,0.098336386,0,51.60639423,0,1.044685061,0.000398123,4650.297433,0
1096,84.51542547,26.835325,22.6799891,1.017462915,0.005971845,900.5282924,1252.378294,11278.02086,1.035307749,0.043395409,1023.413129,502.7728616,1.045970542,0.084402081,186.4706147,167.7811613,1.047496069,0.033840457,0,30.96383654,0,1.022753969,0.000398123,6788.524804,0
1097,81.59315337,42.09462745,34.34633394,1.030112861,0.020304274,889.6572405,1774.26514,15784.87828,1.026213306,0.033044211,705.0549956,289.530752,1.050819376,0.130584351,208.7892177,179.9692612,1.042626101,0.029461104,88.29859112,30.22660234,26.68966401,1.030622879,0.005573722,6326.156108,0
1098,56.60830229,32.92979442,18.64099757,1.020574619,0.008360583,881.03174,1849.900429,16298.20994,1.031525133,0.032646088,1034.839229,285.3145516,1.038226658,0.119436907,268.4483546,410.3940562,1.052029258,0.033840457,100.2853073,25.80319712,25.87681552,1.019204292,0.003184984,7008.900086,0
1099,52.7843146,25.45915449,13.4384402,1.018476993,0.005971845,708.0020491,3373.932225,23887.50929,1.032272393,0.021896766,762.4483637,196.8885898,1.0454447,0.130982474,86.44583409,43.62020954,1.038669204,0.003583107,0,0,0,0,0,8872.080403,0
1100,109.6395784,52.94104236,58.04433562,1.030315331,0.046182271,609.8726493,4684.502533,28569.49971,1.036150675,0.015128675,423.7780007,194.8441419,1.050264888,0.13695432,0,0,0,0,0,0,0,0,0,7917.435562,0
1101,161.8815574,71.28133203,115.3913304,1.036155333,0.089179557,535.5430216,6074.250554,32530.22496,1.023884128,0.011545568,253.6438664,127.280943,1.052923776,0.184729082,0,0,0,0,0,0,0,0,0,6545.065358,0
1102,170.4330321,56.41876965,96.15621976,1.034316263,0.064894053,640.8112442,4064.372163,26044.95383,1.027538162,0.016721167,381.1337821,152.1276423,1.046583913,0.184729082,62.55993011,18.16026984,1.030366063,0.006369968,114.3613239,75.68937821,86.55937495,1.031899321,0.001194369,6450.176592,0
1103,162.0056693,59.7383109,96.77945038,1.026995167,0.01313806,1025.786517,1009.937135,10359.79896,1.038761101,0.055737223,775.03228,534.6525142,1.044742367,0.080022727,66.55122646,116.7719402,1.012349544,0.000796246,0,0,0,0,0,7001.95884,0
1104,87.07721093,47.47788269,41.34241606,1.035452099,0.00398123,1128.321803,956.5278682,10792.71249,1.035017433,0.061310945,914.308091,580.890851,1.051818695,0.070865898,0,0,0,0,0,0,0,0,0,8182.523635,0
1105,160.217651,64.59122891,103.4865497,1.030378898,0.012341814,895.8438812,1789.465593,16030.81802,1.037050435,0.037025441,786.488433,335.1677327,1.046815299,0.09754014,72.88689869,60.18288045,1.063268971,0.001592492,136.0827635,30.96383654,42.13644445,1.021041559,0.00398123,8170.216736,2
1106,349.5022111,161.5459863,564.6067941,1.040662468,0.080022727,510.4842566,7073.898706,36111.13922,1.037515169,0.010749322,272.986698,82.98435616,1.037954041,0.128991859,94.46486707,77.99985874,1.057958589,0.00398123,0,0,0,0,0,7924.681724,3
1107,413.3535945,1024.725755,4235.740743,1.050290494,0.039414179,689.0569892,410.2121905,2826.595769,1.048865204,0.070069652,1257.70353,190.2878868,1.035718121,0.144120534,147.3789813,121.1116832,1.049207002,0.041802917,0,20.64255769,0,1.009624609,0.000398123,2669.622803,4
1108,804.701692,1762.210069,14180.53424,1.044742715,0.034636703,768.2207185,409.0799174,3142.63668,1.039860049,0.062107191,356.1428729,69.84290217,1.037191238,0.182738467,141.0174541,111.1987076,1.0405464,0.009953076,0,20.64255769,0,1.009624609,0.000398123,5120.954525,4
1109,646.5284321,449.767474,2907.874598,1.043448343,0.075245251,858.2423619,1439.208001,12351.89274,1.037072265,0.037025441,141.8051683,62.69221225,1.038723971,0.20423711,0,0,1.004528193,0.000398123,0,10.32127885,0,1,0.000398123,4452.97058,3
1110,741.0424191,695.4901474,5153.877013,1.03857634,0.060116576,685.9369292,1066.198126,7313.446681,1.046957693,0.041006671,145.6161468,68.4611428,1.042931893,0.205033356,0,0,0,0,108.1296125,57.03864626,61.67566718,1.043371143,0.007564337,3484.893206,2
1111,338.8787209,364.2106444,1234.232373,1.040044055,0.069273406,850.381404,1677.459551,14264.80408,1.045901757,0.032646088,216.7501227,100.699962,1.050551658,0.197867142,14.14213562,14.59649253,1.013437152,0.000796246,0,0,0,0,0,4740.582888,1
1112,390.8757749,289.5763796,1131.883918,1.040053741,0.063699684,793.3324151,2500.607681,19838.13131,1.033769306,0.025877996,238.8799785,97.55042021,1.045806153,0.171989145,35.35533906,29.19298505,1.008858384,0.000796246,0,0,0,0,0,6254.804181,1
1113,579.8299177,268.4302745,1556.43904,1.044657016,0.053348485,691.1651027,3901.443404,26965.41531,1.037673206,0.019906151,190.2062781,76.62237517,1.043025451,0.093957033,85.03392988,228.1913144,1.020669361,0.002388738,118.5655593,29.58766603,35.08078171,1.019069274,0.005971845,9118.723959,1
1114,610.3837022,419.3212093,2559.468321,1.046565919,0.026674242,623.4719481,5251.724709,32743.03035,1.039042112,0.015924921,230.7934371,56.9111856,1.030542057,0.071264021,66.55122646,116.7719402,1.017771234,0.000796246,280.8873363,107.700301,302.5165067,1.043164426,0.00915683,11799.75949,1
1115,594.1377044,209.2459264,1243.208943,1.042078333,0.06847716,622.2892692,4563.685458,28399.32489,1.05587015,0.01711929,191.8636487,67.49726883,1.042411264,0.105502601,0,0,1.018629051,0.000398123,91.37831745,34.16699204,31.22122245,1.039968216,0.011545568,8283.211073,1
1116,643.8916933,236.4511154,1522.489091,1.032233919,0.052552239,504.0579351,8012.488163,40387.58239,1.030866422,0.010351199,171.0344666,59.27980573,1.034295254,0.076041497,0,0,0,0,90.78224051,35.55107158,32.27405931,1.027342082,0.003583107,10921.87265,1
1117,193.376171,67.54436901,130.6147145,1.03468244,0.08559645,386.5601023,14696.12491,56809.35548,1.028153639,0.005971845,165.7839712,52.41326945,1.037375876,0.122223768,0,0,1.008645268,0.000398123,0,41.28511539,0,1.034513382,0.000398123,9476.308176,1
1118,531.4898125,186.2166864,989.7227175,1.029438383,0.04737664,408.8487072,12823.8854,52430.28967,1.053849489,0.006768091,228.0464044,57.81014162,1.031923134,0.074847128,0,0,1.018629051,0.000398123,65.46536707,24.08298398,15.76601386,1.014712664,0.001194369,11951.72485,0
1119,216.9719969,114.4394427,248.3015439,1.039616327,0.068079037,399.321939,13800.83998,55109.78179,1.02977523,0.006369968,161.3145074,37.20802659,1.02885876,0.111872569,0,0,0,0,46.83843741,28.38351683,13.29439576,1.03655364,0.004777476,10061.02701,0
1120,246.7903806,103.7375993,256.014416,1.038229824,0.070467775,617.1797081,5165.40309,31879.81971,1.041316833,0.015526798,200.6272984,62.8579171,1.036810297,0.185525328,0,0,1.009414489,0.000398123,140.8241611,41.95824227,59.0873427,1.030938829,0.018313659,7375.080205,0
1121,120.2539518,52.49107528,63.12259239,1.0354827,0.055737223,299.2033113,24765.33519,74098.70293,1.040015363,0.003583107,181.1326503,52.86508678,1.03236472,0.114261307,155.1825784,112.1177865,1.018653966,0.002388738,352.2643474,156.9441519,552.8582924,1.044430704,0.013536183,10190.57122,0
1122,210.5578905,61.09531188,128.6409999,1.033966187,0.049367255,359.7432258,16423.53648,59082.55992,1.040454933,0.005175599,234.7782641,95.43043383,1.045458032,0.074449005,90.32127621,154.7503589,1.021095578,0.001990615,335.1298825,949.5576539,3182.25145,1.038184125,0.004777476,11548.68056,0
1123,97.01425001,30.96383654,30.03933379,1.023995406,0.007166214,0,245047.8024,0,1.067607381,0.000398123,35.35533906,20.64255769,1.010325559,0.001990615,121.228832,241.2384124,1.019701274,0.009953076,133.6801046,123.8553462,165.5699563,1.0229423,0.001592492,33644.23596,0
1124,51.63977795,25.80319712,13.32471369,1.01672299,0.001592492,0,240031.6609,0,1.071198045,0.000398123,108.8117641,51.60639423,1.020232948,0.002388738,267.9213509,1134.971599,1.025631507,0.00915683,162.049768,141.548967,229.3797727,1.032581509,0.002786861,37453.09009,0
1125,24.74358297,24.08298398,5.95899312,1.029672972,0.001194369,0,248082.2584,0,1.035659597,0.000398123,83.91429861,39.81064698,1.038241827,0.002786861,124.0284137,371.2382342,1.026219133,0.003184984,146.784057,87.7308702,128.7749305,1.016605376,0.001592492,51699.97105,0
1126,109.3431427,48.65745742,53.20359312,1.034003769,0.002786861,141.3974816,122276.1905,172895.454,1.041540462,0.000796246,87.60597806,32.01702826,1.027562041,0.019508028,101.7846295,199.6040332,1.012149561,0.001592492,246.5301414,280.8862315,692.4692236,1.036602484,0.005573722,28041.2467,0
1127,74.83314774,25.80319712,19.30934462,1.035921153,0.002388738,0,235996.0408,0,1.084414011,0.000398123,111.2214887,37.62272612,1.027888179,0.012341814,232.2263697,1006.686709,1.023452594,0.004777476,330.2153844,721.6294127,2382.931339,1.043022611,0.004777476,29961.38362,0
1128,34.64101615,17.20213141,5.95899312,1.006416406,0.001194369,0,248329.969,0,1.029536911,0.000398123,0,20.64255769,1.009624609,0.000398123,133.7288969,337.5346547,1.01545484,0.004379353,0,0,0,0,0,62035.71315,0
1129,0,0,0,0,0,0,247370.0901,0,1.047763703,0.000398123,60.60915267,36.12447596,1.013294279,0.000796246,108.624576,176.4584012,1.025018441,0.00915683,0,0,0,0,0,48483.68417,0
1130,0,20.64255769,0,1.009624609,0.000398123,0,244108.566,0,1.058688854,0.000398123,40,25.80319712,1.022896674,0.001592492,275.410372,859.8826421,1.024797119,0.00796246,130.2041666,41.28511539,53.75494042,1.040147149,0.006768091,37205.30011,0
1131,0,0,0,0,0,141.4093388,121460.8095,171756.9276,1.05476357,0.000796246,105.0768006,45.58564824,1.032670528,0.004777476,105.3085906,172.1539968,1.035376001,0.012341814,108.2594199,30.37065959,32.8790999,1.028327837,0.034636703,21137.47796,0
1132,85.15906361,37.8446891,32.22818287,1.030739253,0.003583107,141.3961193,115675.7327,163560.997,1.102617634,0.000796246,90.49114661,38.5000084,1.032673955,0.02508175,118.818786,209.1269635,1.031988426,0.015128675,321.7845644,113.9877499,366.7949844,1.041193541,0.036229195,16231.52938,0
1133,86.34716303,36.76955589,31.74946837,1.022227342,0.006369968,244.710374,36022.98339,88151.97736,1.050505656,0.002388738,118.3756485,31.29678102,1.028552065,0.024683627,247.9774017,749.4576784,1.033370791,0.015526798,298.3821258,276.335039,824.5343636,1.050998126,0.029859227,15347.45994,0
1134,80.59041391,38.70479567,31.19235504,1.040252374,0.006369968,0,235913.4706,0,1.131077985,0.000398123,157.3333477,42.54894545,1.033923043,0.019508028,81.40792799,85.42378238,1.028646952,0.007166214,340.1342738,172.1322956,585.4809337,1.039492053,0.024683627,19519.47731,0
1135,81.88965268,45.01834391,36.86536547,1.036845446,0.018711782,320.0007023,19897.54902,63672.2966,1.056225397,0.004379353,275.4629565,70.40036467,1.030828081,0.026674242,109.2020414,155.1426496,1.028702664,0.006768091,441.6305602,435.0516404,1921.320997,1.033454938,0.02110052,15192.71336,0
1136,64.94753127,25.80319712,16.75853952,1.021743353,0.004777476,199.9289662,58119.12119,116196.9582,1.046376194,0.001592492,121.3760391,41.28511539,1.031953808,0.01711929,80.91943204,125.8753691,1.029423262,0.011147445,212.1427836,108.510436,230.1970594,1.029325545,0.044987901,16428.56248,0
1137,71.03933953,32.68404968,23.21853303,1.029429978,0.004777476,263.7033672,24535.15429,64700.028,1.074285477,0.002786861,118.3618273,43.57873291,1.029334811,0.032247965,168.3041217,332.3677683,1.032499682,0.005971845,802.5766982,824.4121479,6616.539796,1.027980705,0.035034826,12760.29023,0
1138,60.60915267,36.12447596,21.89473879,1.038873768,0.000796246,296.6030543,26359.39937,78182.78363,1.057368187,0.003583107,165.6192892,57.82743902,1.031856218,0.029062981,154.6853551,479.9630494,1.036987336,0.006369968,337.6426394,187.4344239,632.8585359,1.040650925,0.009953076,20996.43038,0
1139,45.82575695,34.40426282,15.76601386,1.033500502,0.001194369,276.4673404,71.99091996,199.0313817,1.040247361,0.095549525,1204.267948,661.6976807,1.043678091,0.083207712,852.1865947,4494.531352,1.038088124,0.072060267,0,41.28511539,0,1.034513382,0.000398123,5166.570963,0
1140,69.2820323,17.20213141,11.91798624,1.028964601,0.001194369,178.1911126,46.40752785,82.69409022,1.032911322,0.053746608,1101.205347,985.4861562,1.044271668,0.062903437,962.3920609,3064.366539,1.036649919,0.111474446,0,0,0,0,0,6069.658552,0
1141,0,0,0,0,0,127.6731365,47.79012306,61.01514903,1.042841855,0.04737664,773.2496066,719.2367526,1.042457211,0.065690299,1116.313948,8268.826418,1.040105062,0.064894053,178.3225724,1519.80831,2710.161274,1.061573845,0.001592492,6002.952342,0
1142,0,0,0,0,0,188.248044,51.32744075,96.62290324,1.034758196,0.014730552,999.0368188,934.9421203,1.042720284,0.054542854,820.5541357,4959.366508,1.041496221,0.075643374,152.5719791,1059.651295,1616.730952,1.053752386,0.002388738,6697.590227,0
1143,0,0,0,0,0,235.6568181,68.96490866,162.5205093,1.030833398,0.008758706,788.38453,990.4265887,1.044981813,0.049367255,995.2433957,6565.593177,1.03906414,0.076041497,187.0272148,169.2689731,316.5790458,1.027180789,0.001990615,6787.777903,0
1144,0,0,0,0,0,946.5948526,234.8788321,2223.350935,1.036990281,0.073652759,811.3263205,2130.835286,1.039145736,0.028266735,359.5587491,975.5927026,1.04893252,0.082809589,0,0,0,0,0,6930.668217,0
1145,0,0,0,0,0,483.5562069,173.5296783,839.1135304,1.044128242,0.080818973,906.5323611,857.2980593,1.044144183,0.058524084,860.6551631,4694.862731,1.045430325,0.06449593,83.02612849,311.7026212,258.7946187,1.064086951,0.001990615,4931.762037,0
1146,0,0,0,0,0,370.4195945,203.558555,754.0207741,1.042324889,0.085994573,348.6285514,186.929828,1.048230045,0.125408752,1005.686667,11845.7251,1.041479706,0.049367255,140.1718249,756.8937821,1060.951827,1.041246826,0.001194369,5177.986179,0
1147,0,0,0,0,0,715.935054,365.4583154,2616.444188,1.04565434,0.106298847,341.0122123,150.5895272,1.04934598,0.178757237,689.5433858,1814.827238,1.040583342,0.127399367,183.4030385,252.1340975,462.421596,1.028811272,0.002786861,1696.5092,0
1148,0,0,0,0,0,459.7774454,227.7277652,1047.040901,1.050501884,0.105900724,462.1815145,250.0493507,1.050591841,0.13177872,1066.805984,4650.364661,1.045674569,0.096743894,101.035544,381.8873173,385.8419286,1.049272006,0.001990615,2660.056216,0
1149,0,0,0,0,0,425.8077341,207.3518455,882.9201952,1.043735624,0.093160787,338.7502651,194.7689305,1.049190025,0.147703641,901.4874614,6906.253934,1.038467648,0.067282791,111.2184667,132.7021566,147.5893038,1.033148746,0.002786861,3281.353341,0
1150,47.14045208,46.44575481,21.89473879,1.048149879,0.000796246,402.7200364,332.9517803,1340.863531,1.047800546,0.090772049,480.8339243,232.8388177,1.052396078,0.124612506,1131.568585,4618.949029,1.038929258,0.098734509,104.8166059,177.1819535,185.71611,1.052732726,0.002388738,2762.281243,1
1151,0,20.64255769,0,1.009624609,0.000398123,456.6047191,170.0067679,776.2589251,1.0468269,0.104706355,1033.50882,533.5609674,1.046798216,0.083605835,686.4292456,2799.509492,1.042922481,0.084402081,220.6008384,1133.866205,2501.318354,1.026768421,0.002786861,3447.60144,1
1152,0,0,0,0,0,548.958009,233.3857857,1281.189963,1.046500015,0.111872569,592.7710819,248.8495921,1.049857194,0.115455676,1085.016492,6766.176827,1.03552011,0.071264021,136.8254831,225.7779748,308.9218047,1.045815314,0.003184984,3497.161376,1
1153,0,0,0,0,0,405.6965352,185.7420618,753.549109,1.048654915,0.100327002,931.5909078,431.6723094,1.047279168,0.094753279,937.240335,4597.542355,1.041923549,0.080818973,153.235354,186.7213173,286.1230716,1.035597816,0.004379353,3427.459527,1
1154,0,0,0,0,0,919.378139,206.7585214,1900.892646,1.041155624,0.098734509,867.8130844,613.0723665,1.044975018,0.070865898,758.440493,2814.815113,1.044805699,0.085198327,118.0302725,1419.175841,1675.057112,1.055523599,0.003184984,3435.348896,1
1155,0,0,0,0,0,349.4228976,162.5132269,567.8584265,1.050979152,0.131380597,1030.038185,727.0208124,1.048458359,0.065292176,512.4343243,1458.933548,1.045193191,0.091966418,193.9474204,896.4767912,1738.693611,1.039826426,0.005573722,3646.995012,1
1156,0,0,0,0,0,326.9963131,141.144798,461.5382857,1.05079476,0.156860471,663.6562304,444.1003714,1.043352684,0.086392696,910.8979902,4531.490765,1.04178019,0.078032112,116.1153175,188.0766368,218.3857839,1.037615128,0.003583107,2710.298986,1
1157,0,0,0,0,0,352.3159003,106.294837,374.493612,1.045342165,0.11465943,723.1518515,396.28676,1.041908604,0.081615219,1099.096719,6168.423862,1.041398821,0.072060267,140.6396368,5392.130963,7583.473404,1.039729991,0.002786861,3660.783166,0
1158,0,0,0,0,0,242.6115742,110.7226742,268.6260229,1.046578156,0.10669697,830.7137914,1909.838714,1.040536162,0.030655473,780.6984763,1547.855209,1.041649473,0.110280077,240.9115168,3254.643263,7840.81045,1.048457281,0.002388738,5700.640901,0
1159,0,0,0,0,0,173.3454218,77.12288916,133.6889975,1.043571671,0.028664858,486.0895462,7731.928016,1.042113804,0.009554953,826.5404238,1838.578609,1.037705681,0.107493216,0,0,0,0,0,9746.900798,0
1160,0,20.64255769,0,1.009624609,0.000398123,230.8181706,95.8732124,221.2927949,1.040175056,0.071662144,516.3646476,6344.146064,1.035609072,0.010749322,765.7497185,1743.100344,1.042495461,0.109085708,80.79628907,59.34735337,47.95045918,1.039754856,0.001592492,7827.105654,0
1161,0,0,0,0,0,671.597085,256.1381585,1720.216406,1.040961397,0.086790819,862.1843311,1373.027816,1.048155272,0.041404794,896.5848118,1505.163397,1.043526519,0.124612506,0,0,0,0,0,5008.371382,0
1162,0,0,0,0,0,756.2380444,994.4155196,7520.148479,1.046458098,0.051755993,1035.780845,472.6248209,1.046683501,0.091568295,370.1065036,282.4145132,1.031966214,0.057727838,234.527505,101.7383201,238.6043437,1.025746292,0.008360583,4948.657324,0
1163,0,0,0,0,0,885.5572838,640.0320894,5667.850786,1.04060186,0.072856513,1196.860218,572.5593634,1.038087186,0.083207712,207.1282975,156.4832594,1.037718823,0.058524084,216.5808449,656.4333346,1421.708862,1.032250641,0.001990615,5369.667642,0
1164,0,0,0,0,0,1100.882448,937.2154253,10317.64012,1.034062041,0.056931592,523.015217,383.3831548,1.048336998,0.109881954,173.2594386,147.0033365,1.037781441,0.050561624,172.116944,43.66694897,75.15821811,1.023502242,0.005175599,5401.304186,0
1165,0,0,0,0,0,894.6055087,1854.077,16586.67498,1.026575401,0.035034826,765.4960709,265.6593313,1.045974944,0.126603121,106.4544789,51.62602763,1.038337451,0.029062981,0,0,0,0,0,7295.299573,0
1166,54.71012044,18.06223798,9.881872154,1.008094644,0.001592492,748.6004291,2857.570616,21391.78589,1.032316284,0.023091135,857.9055538,205.7958968,1.049357613,0.150092379,240.9081587,228.6348942,1.038684401,0.032646088,0,0,0,0,0,7289.240695,0
1167,47.14045208,30.96383654,14.59649253,1.028029242,0.008360583,840.3779144,1232.747742,10359.73977,1.040505292,0.031849842,1054.556908,317.4554651,1.047693978,0.121427522,727.8885734,2331.133626,1.042863593,0.06847716,0,0,0,0,0,4723.872155,0
1168,38.49001795,15.48191827,5.95899312,1.004812305,0.001592492,390.2754645,242.3419626,945.8012202,1.045855752,0.098734509,1030.707421,1073.49427,1.037476497,0.050561624,271.3654397,496.2823311,1.05184405,0.119038784,0,0,0,0,0,4830.627447,0
1169,47.14045208,15.48191827,7.298246263,1.028320168,0.000796246,792.7638098,2513.007024,19922.21022,1.040454741,0.027470489,780.2019444,154.4959212,1.047149886,0.177960991,224.2464869,205.9388339,1.038104617,0.035034826,136.627412,304.477726,416.000037,1.010701901,0.000796246,6789.889394,0
1170,125.9012148,56.64512879,71.31690528,1.034811434,0.050561624,650.145734,3915.205109,25454.539,1.036670162,0.017915536,430.1707972,145.2120995,1.043259973,0.178359114,154.6206474,73.88346378,1.036678559,0.010749322,101.9565436,25.53158452,26.03112109,1.026889178,0.022693012,6455.278876,0
1171,163.699048,62.10562616,101.6663188,1.035128212,0.046182271,890.9594681,1490.28402,13277.82658,1.041063037,0.037821687,1245.346729,269.4397004,1.041418698,0.136158073,187.8393055,141.9708599,1.044500047,0.050561624,68.98708044,20.97550217,14.47038656,1.023485103,0.012341814,5381.714183,0
1172,97.69951924,45.80067488,44.74703917,1.022815412,0.006369968,993.4400738,1002.67976,9961.022552,1.032462956,0.056931592,822.5282933,364.1476193,1.049918952,0.11465943,148.2571075,85.36921706,1.037823489,0.015128675,0,0,0,0,0,5876.944537,0
1173,53.13330074,49.31277671,26.20150595,1.032819685,0.003583107,819.8132633,1935.923724,15870.95946,1.032169119,0.033044211,761.0995672,250.4610618,1.042150245,0.138944935,125.8636254,118.7724411,1.048169088,0.011147445,0,0,0,0,0,6874.707241,0
1174,70.71067812,20.64255769,14.59649253,1.011034498,0.001592492,560.875637,324.6277745,1820.758098,1.042515206,0.095947648,935.1707404,1580.719494,1.042191571,0.039414179,218.5909594,277.3825781,1.053755879,0.05135787,0,0,0,0,0,6883.091622,0
1175,47.14045208,15.48191827,7.298246263,1.028320168,0.000796246,1082.875851,946.6392233,10250.92755,1.04033525,0.057727838,1152.264469,477.5523865,1.038189847,0.090373926,194.1999663,233.4003133,1.046409832,0.017915536,0,72.24895193,0,1.041482341,0.000398123,7247.650007,0
1176,0,0,0,0,0,282.715683,29547.24102,83534.68425,1.02263401,0.003184984,378.302273,61.58363045,1.033056235,0.095549525,0,0,1,0.000796246,0,0,0,0,0,14941.94112,0
1177,122.3201521,39.14967838,47.88794613,1.024462385,0.011545568,636.4756348,4650.365467,29598.44312,1.022316472,0.016323044,406.4814948,146.8201916,1.044326509,0.159249209,0,0,0,0,84.14029378,34.22318775,28.79549072,1.039197647,0.007564337,8583.155704,0
1178,92.71337877,30.71809181,28.47978081,1.022421493,0.033442334,745.4069379,2922.879398,21787.34581,1.032426664,0.023091135,434.6425491,174.0522265,1.052717624,0.180747852,0,0,1.044685061,0.000398123,0,0,0,0,0,6819.856397,0
1179,132.0324053,45.7483711,60.40267475,1.031322307,0.029461104,774.6849035,2675.996328,20730.53957,1.034762664,0.02508175,411.1423971,198.9338915,1.046686721,0.152481117,260.4562431,175.3200986,1.025758798,0.00915683,96.6312494,112.7401228,108.9421892,1.047960237,0.005175599,7007.679804,0
1180,81.69452852,32.34000705,26.42001629,1.024945963,0.005971845,970.466087,1253.558346,12165.35863,1.038393713,0.04737664,577.8612475,474.7303702,1.04925676,0.084800204,0,0,0,0,58.53296981,40.2529875,23.56126902,1.042341653,0.00398123,7328.042318,0
1181,38.71709967,33.54415625,12.98732441,1.036708334,0.001592492,1084.049255,1086.260466,11775.59849,1.03035908,0.056931592,517.1338949,487.2298935,1.051220467,0.075245251,0,0,0,0,133.5178546,75.47435157,100.771735,1.051776094,0.019109905,7393.097928,2
1182,121.6552506,51.60639423,62.78188823,1.015640336,0.001194369,858.9842303,929.786373,7986.718319,1.042037836,0.061310945,1023.123127,623.4841311,1.045665654,0.062505314,0,0,0,0,359.6526484,497.4856404,1789.220281,1.034000692,0.00796246,6970.226397,2
1183,997.9110237,750.0420857,7484.752655,1.03656538,0.046978517,878.7545017,975.6998711,8574.006541,1.044652961,0.054542854,293.3364208,76.95590876,1.03714206,0.14491678,86.86109334,122.9509804,1.051265411,0.002786861,0,0,0,0,0,5164.381376,3
1184,719.8163805,2497.565172,17977.88323,1.035924635,0.022294889,381.0678773,421.8674434,1607.601312,1.048552493,0.069273406,252.1112416,69.06410017,1.038193124,0.209014587,194.4749671,80.28921456,1.019998738,0.015924921,0,0,0,0,0,4832.583845,4
1185,806.922276,1202.479089,9703.071633,1.042059972,0.041006671,561.1004839,558.9692585,3136.379214,1.041106898,0.06847716,130.8547066,56.73852184,1.036849211,0.216180801,67.07053593,22.65557576,1.018695884,0.004379353,0,0,0,0,0,3713.256018,4
1186,522.4923967,340.0625272,1776.800849,1.044324674,0.060912822,740.4235743,2915.589253,21587.71016,1.04432398,0.023887381,115.5397849,54.15745862,1.036596005,0.175572253,35.35533906,43.78947758,1.017920439,0.000796246,0,82.57023077,0,1.050876961,0.000398123,6580.916601,3
1187,238.7091523,186.2367018,444.5640523,1.043294375,0.07245839,570.4160034,5411.689353,30869.14213,1.038846929,0.013536183,309.4959121,80.98813694,1.041347439,0.163628562,0,0,0,0,0,0,0,0,0,7195.521745,1
1188,305.9876937,329.3176037,1007.671341,1.038048784,0.059718453,794.6830399,2138.20137,16991.92364,1.033381561,0.029062981,185.9804421,88.03911648,1.045558996,0.206625848,0,0,0,0,0,0,0,0,0,5351.65887,1
1189,800.583442,708.9384525,5675.643864,1.04150992,0.058524084,924.7612932,577.8592913,5343.819055,1.037544461,0.062107191,255.3154739,103.9780544,1.046163325,0.20941271,147.8531924,628.7260191,1.029885685,0.001990615,0,0,0,0,0,3327.795377,1
1190,733.7910095,1013.455037,7436.641944,1.037867975,0.052154116,819.2796243,541.4247989,4435.783058,1.042696908,0.055737223,395.197601,104.2752731,1.043394638,0.162434193,0,0,0,0,34.99271061,12.04149199,4.213644445,1.001604102,0.002388738,3839.145344,2
1191,905.1596191,562.0461667,5087.414941,1.035724014,0.066486545,1021.935877,991.2491188,10129.93038,1.032120162,0.050561624,329.879314,90.14520443,1.04170641,0.136158073,28.28427125,21.89473879,1.012748154,0.000796246,76.61915627,36.98458253,28.33727509,1.036981503,0.004777476,5168.855875,2
1192,1163.681652,379.9332888,4421.213971,1.034430593,0.082013343,1035.392291,1199.242852,12416.86804,1.03172505,0.045784148,252.5196173,86.84728677,1.042490075,0.160443578,0,0,0,0,0,0,0,0,0,5480.240266,2
1193,825.9380996,988.0851757,8160.971923,1.036183868,0.052154116,859.6792281,608.3780377,5230.099619,1.042728241,0.056931592,235.9846846,76.66581848,1.043631886,0.179553483,0,0,1.067821915,0.000398123,0,0,0,0,0,4177.737415,2
1194,417.4520715,207.8279246,867.5819763,1.036714098,0.073254636,639.6379172,4484.595659,28685.17427,1.039984388,0.016721167,197.3990242,63.99752304,1.037102253,0.146907395,55.45707029,107.6089227,1.028308552,0.001990615,0,0,0,0,0,7603.405599,1
1195,179.5257813,73.30897516,131.6085104,1.036379905,0.073652759,329.8761279,19723.96388,65064.6483,1.055001517,0.004379353,177.0071006,54.63724596,1.034888319,0.150490502,0,0,0,0,0,0,0,0,0,9009.631121,0
1196,252.786266,165.4240132,418.169186,1.037078041,0.07245839,544.3969194,6740.139129,36693.10978,1.033714685,0.011943691,183.3863054,49.57507872,1.031516918,0.149694256,0,0,1.05471442,0.000398123,0,0,0,0,0,8283.00658,0
1197,332.0371715,242.042449,803.6709016,1.038988089,0.048571009,680.8206563,4105.718715,27952.5811,1.045521512,0.019109905,258.5571661,77.52354869,1.040570243,0.126204998,0,0,0,0,0,0,0,0,0,8784.430514,0
1198,396.8174908,155.0610877,615.3095173,1.03733058,0.050959747,587.723101,6055.346852,35588.6723,1.030068803,0.013934306,234.8654069,57.07791555,1.032416272,0.132176843,30.30457634,43.78947758,1.009943572,0.000796246,122.5651754,77.40959135,94.87720142,1.013011412,0.000796246,9429.296836,0
1199,232.7971795,226.5123735,527.3144167,1.045400446,0.051755993,686.5641456,4012.182125,27546.20392,1.029659296,0.019109905,212.2701547,73.77703737,1.038737981,0.153277363,0,0,1.028419719,0.000398123,70.71067812,41.28511539,29.19298505,1.020013855,0.000796246,8024.188951,0
1200,335.7760193,314.8696985,1057.25694,1.04012834,0.029062981,664.911971,4606.960154,30632.22956,1.040820516,0.017915536,184.6351954,70.44915597,1.039097907,0.111872569,41.6040593,95.90091837,1.04163194,0.001194369,98.1829374,65.36809936,64.18032008,1.020220586,0.002388738,10180.33919,0
1201,127.3677784,55.2327895,70.34877697,1.03712934,0.014730552,141.3967666,118720.5099,167866.9623,1.066745923,0.000796246,95.30301569,54.84142193,1.03463651,0.026674242,119.2275302,161.3427879,1.02998672,0.003583107,451.6779685,170.043069,768.0470796,1.033575696,0.015924921,19066.97144,0
1202,0,30.96383654,0,1.022753969,0.000398123,0,248061.6158,0,1.043623836,0.000398123,130.9526565,57.16400592,1.036219599,0.005175599,156.3753906,290.518922,1.011248978,0.003184984,151.3878315,142.7776907,216.1480498,1.02622167,0.002388738,46043.5962,0
1203,185.7412771,49.72979808,92.36876203,1.028137754,0.01313806,0,241889.491,0,1.101234834,0.000398123,123.0937327,35.09234808,1.027562088,0.00796246,112.1462116,211.4352641,1.025946159,0.011943691,300.2212108,92.15427542,276.6666814,1.016259986,0.005573722,24425.48834,0
1204,134.1175432,59.95448742,80.40948557,1.036364303,0.027072365,0,232889.3359,0,1.136051286,0.000398123,41.65977905,37.8446891,1.036039223,0.001194369,235.9897169,563.9301034,1.023383099,0.023489258,0,0,0,0,0,20339.11178,0
1205,141.3465452,57.84216687,81.75790452,1.035032396,0.03821981,141.3845022,118818.5621,167991.0325,1.077941434,0.000796246,0,0,0,0,125.9455196,197.2817985,1.018302919,0.020304274,0,0,0,0,0,19458.44747,0
1206,21.65063509,27.52341026,5.95899312,1.045815657,0.001194369,0,238349.2924,0,1.10076263,0.000398123,0,0,0,0,146.1423269,358.2392304,1.032767675,0.020702397,0,0,0,0,0,31821.50143,0
1207,170.9168186,53.51774217,91.47082228,1.034325563,0.010749322,173.1065329,81630.9944,141308.5842,1.043602349,0.001194369,0,0,0,0,128.8591879,215.0917467,1.027711056,0.011545568,0,0,0,0,0,31856.40029,0
1208,242.9242073,73.80789509,179.297244,1.034342755,0.07643962,315.4476477,23240.42358,73311.3695,1.043937914,0.00398123,0,0,0,0,142.2316617,278.2551233,1.031145392,0.008758706,138.1033407,74.82927164,103.3417239,1.049123233,0.001592492,15352.70784,0
1209,216.7943786,60.8780515,131.9801934,1.037260142,0.070467775,141.3966171,118003.1811,166852.5061,1.108266901,0.000796246,50,20.64255769,1.010792859,0.001194369,156.2280324,277.0521939,1.023000083,0.008758706,82.14803296,27.09335697,22.25665982,1.029722332,0.006369968,15906.1934,0
1210,76.31330753,33.07500721,25.24063197,1.031949043,0.017517413,0,243561.5382,0,1.103282295,0.000398123,113.733236,42.91479099,1.03979257,0.007564337,78.65417559,131.8000137,1.029449886,0.006768091,286.5288289,71.36427088,204.4792096,1.036184382,0.013934306,22608.35667,0
1211,211.0612932,75.08329275,158.4717686,1.043236847,0.076837743,281.3214851,27101.09793,76241.21119,1.048419825,0.003184984,126.8123102,42.43192415,1.03800421,0.010749322,103.208061,105.7199636,1.022987898,0.02110052,263.2868983,295.6472985,778.4006022,1.054767884,0.017915536,11949.77264,0
1212,185.4616754,60.82182177,112.8011697,1.027625273,0.022294889,313.6171379,18604.10512,58345.66201,1.052193762,0.00398123,170.4144755,47.90131978,1.029029156,0.015526798,113.5813769,142.6748547,1.030133895,0.035034826,476.2457379,1162.126849,5534.579588,1.049629721,0.016721167,12255.75548,0
1213,39.27166872,21.93271755,8.613344178,1.012141967,0.003184984,395.1290616,6217.833271,24568.46626,1.050274389,0.008360583,107.39162,39.99495553,1.029990094,0.025479873,121.5898958,159.5596094,1.031625855,0.016721167,509.0482166,4012.765769,20426.91258,1.030347638,0.011147445,12226.22717,0
1214,161.4931516,54.35873526,87.78563474,1.033897662,0.011943691,443.3615999,10336.2447,45826.93988,1.041916223,0.00796246,185.1235131,99.48565999,1.046741286,0.028664858,173.4645276,284.4708151,1.035672799,0.010749322,293.9031429,1249.287592,3671.695495,1.051700997,0.009953076,15589.58119,0
1215,0,0,0,0,0,142.3628677,47.78369836,68.02624326,1.035201852,0.06449593,983.3261375,836.7075267,1.03886853,0.066088422,763.8105555,3366.147245,1.039368306,0.087188942,137.8660087,892.2172159,1230.064265,1.067901824,0.003583107,4969.296423,0
1216,0,0,0,0,0,197.6318617,69.12540701,136.6138288,1.040339847,0.121029399,940.1244588,385.8716345,1.048766567,0.108289462,906.7076341,6599.835907,1.043624727,0.06847716,0,10.32127885,0,1,0.000398123,3846.878392,0
1217,0,0,0,0,0,515.5812166,80.62615428,415.6933071,1.038309399,0.116251922,1214.423498,354.2105123,1.046937972,0.125010629,1165.388451,7235.086615,1.038272303,0.074050882,0,939.236375,0,1.075584643,0.000398123,4432.491719,1
1218,0,0,0,0,0,161.9165483,65.62613133,106.2595667,1.043838222,0.143324288,775.1521857,318.8050605,1.043187613,0.117446291,1265.105899,8613.959899,1.036754206,0.078032112,0,51.60639423,0,1.068122927,0.000398123,4378.790549,1
1219,0,0,0,0,0,326.0175355,89.24612177,290.9580067,1.043192037,0.09355891,1122.318716,895.2351336,1.05180048,0.068079037,585.9834873,2456.054104,1.040353519,0.073254636,0,0,0,0,0,5581.549274,1
1220,0,0,0,0,0,321.4887684,83.88906085,269.6939085,1.039537682,0.071662144,709.0489993,687.83041,1.049031716,0.06449593,996.1839968,10380.27989,1.037243309,0.046182271,156.5174612,629.5980096,985.4308206,1.04922998,0.002388738,5935.016711,1
1221,0,0,0,0,0,404.7781911,150.931501,610.9377995,1.044472245,0.119436907,659.1634011,440.8046174,1.045173135,0.085994573,1126.701653,6298.455395,1.037485432,0.078828358,0,0,0,0,0,3700.608814,1
1222,0,0,0,0,0,509.9835019,163.2052218,832.3197052,1.038152447,0.082809589,424.0742269,247.7959921,1.048678545,0.096345771,1098.478009,11360.67966,1.03958435,0.058922207,156.3783787,1050.190123,1642.270287,1.060171349,0.001592492,5691.528587,1
1223,0,0,0,0,0,908.5092367,164.9766317,1498.827938,1.042850299,0.100327002,919.9672207,465.0195979,1.042600465,0.08042085,769.8190106,4130.511554,1.04816926,0.082013343,198.6965801,856.6661443,1702.166332,1.024919711,0.002388738,3419.099304,0
1224,0,0,0,0,0,268.6270855,123.5566596,331.9066537,1.045745379,0.12381626,939.0586629,674.9842954,1.047733445,0.060116576,651.7621745,3456.207253,1.041828336,0.083207712,0,0,0,0,0,3579.285773,1
1225,0,0,0,0,0,430.5805901,127.1886775,547.649758,1.040248435,0.102317617,683.818847,432.1839046,1.047297309,0.078430235,1001.981401,8469.112928,1.037662899,0.05932033,201.9033277,1235.113035,2493.734319,1.041481873,0.002388738,4532.076723,1
1226,0,0,0,0,0,405.28094,130.8301353,530.2296021,1.041514995,0.116650045,575.4456248,386.4942401,1.048861106,0.092762664,814.4233412,5116.385293,1.045349127,0.077633989,131.3198308,144.4979039,189.7544028,1.015086114,0.000796246,2962.761268,1
1227,0,0,0,0,0,656.4473,168.2880856,1104.722594,1.040451069,0.112270692,865.1719778,425.806734,1.044046467,0.095151402,657.894122,2997.037614,1.04502178,0.087188942,183.7533082,547.0277789,1005.18164,1.053942381,0.001592492,2732.411586,1
1228,0,0,0,0,0,613.5726657,262.0273049,1607.72792,1.045495137,0.123418137,504.1992144,394.2809789,1.050590373,0.101123248,564.73881,1229.251294,1.042429763,0.125010629,214.4050341,207.9000453,445.748163,1.041719197,0.002786861,1605.057078,1
1229,0,0,0,0,0,378.3067483,109.2900378,413.4515883,1.044107347,0.163628562,1055.189228,1094.775647,1.034252038,0.05135787,572.7634444,1257.733959,1.045615859,0.117048168,107.9102056,59.34735337,64.04185105,1.031029623,0.003184984,4589.408466,1
1230,0,0,0,0,0,246.4537232,108.6508816,267.774143,1.045063482,0.148101764,1120.241227,808.9302296,1.039197043,0.060514699,664.9784077,2146.082776,1.048968439,0.108289462,0,10.32127885,0,1,0.000796246,4150.233547,1
1231,0,0,0,0,0,486.8808561,167.9763401,817.8446427,1.050176083,0.124612506,832.8661699,753.0154834,1.046604532,0.065690299,493.0598068,1138.429883,1.044459871,0.107493216,180.8857009,1334.885397,2414.616807,1.048815247,0.003583107,3065.439295,1
1232,0,30.96383654,0,1.058052667,0.000796246,255.1134193,117.8843584,300.7388176,1.045770651,0.096345771,987.6895256,1107.764737,1.034164936,0.052154116,727.3198852,2526.752301,1.038060056,0.088781434,0,0,0,0,0,5349.929348,1
1233,0,0,0,0,0,239.7486029,126.285739,302.7682949,1.048446275,0.130186228,591.2001475,996.2358699,1.045249157,0.044191655,503.9892506,1180.773991,1.047935429,0.109881954,192.0545832,3463.821181,6652.427333,1.04794108,0.00398123,2574.146161,1
1234,0,0,0,0,0,233.5228006,155.7440285,363.6978171,1.050294234,0.111076323,694.334967,1712.273696,1.039623379,0.031053596,418.9756222,735.1419185,1.041191152,0.101123248,201.0118009,3700.178467,7437.795371,1.043017849,0.003184984,4350.221173,1
1235,0,0,0,0,0,298.9129643,100.7654749,301.2010681,1.034751714,0.038617933,566.0554958,3133.333832,1.032825578,0.019906151,760.5622309,3158.198651,1.03787346,0.077235866,145.3648003,836.0235866,1215.284017,1.032288671,0.001990615,7162.815975,1
1236,0,0,0,0,0,556.7668434,399.5970526,2224.823896,1.049278376,0.072856513,874.711487,1253.256415,1.049178759,0.04220104,648.1935683,1080.539466,1.045797326,0.08957768,188.9573957,1924.918505,3637.275875,1.045499102,0.001592492,5188.01693,0
1237,0,0,0,0,0,747.8623718,381.8408251,2855.643851,1.044102288,0.088383311,936.7636425,829.4328904,1.037075292,0.066088422,384.6200269,531.2205032,1.04182179,0.082411466,38.71709967,33.54415625,12.98732441,1.033779076,0.001592492,4454.639338,0
1238,0,0,0,0,0,751.2714693,189.0542442,1420.310598,1.042996474,0.145713026,956.0598172,1266.01856,1.041417281,0.046978517,526.7734273,763.4419669,1.043695095,0.085994573,152.0443149,64.50799279,98.08073568,1.025296245,0.00796246,5020.404504,0
1239,0,0,0,0,0,593.8467972,246.5569542,1464.170576,1.045369108,0.13177872,991.3350363,1108.650491,1.036291549,0.050959747,358.61871,467.3241456,1.043534991,0.084003958,45.41475531,27.52341026,12.49968942,1.026340946,0.002388738,4896.154793,0
1240,0,0,0,0,0,1253.669456,507.3405184,6360.373114,1.036516266,0.095151402,565.1334611,471.1080792,1.050826353,0.095151402,486.6044646,574.821753,1.038414253,0.058125961,40.82482905,20.64255769,8.427288889,1.022254729,0.001592492,4260.12309,0
1241,0,0,0,0,0,939.0604229,631.1858987,5927.21697,1.044452255,0.077633989,701.952295,420.6021532,1.043219828,0.102317617,271.5382674,518.8932512,1.046944395,0.041006671,88.28343344,45.70852061,40.35305137,1.032222637,0.002786861,4025.151624,0
1242,0,20.64255769,0,1.009624609,0.000398123,664.5517623,332.273448,2208.129054,1.044483761,0.103113863,1035.002057,1121.698635,1.028898085,0.045784148,458.7421848,1165.362465,1.046861818,0.056533469,0,30.96383654,0,1.022753969,0.000398123,5713.224228,0
1243,0,20.64255769,0,1.009624609,0.000398123,666.2354405,374.0200488,2491.85412,1.04656774,0.056931592,946.3612636,855.9930174,1.040441718,0.054940977,1043.337903,5250.024222,1.037056612,0.062903437,0,41.28511539,0,1.034513382,0.000398123,5684.400426,0
1244,51.22571692,23.8183358,12.20111327,1.022812725,0.005175599,794.3305754,741.3609699,5888.856858,1.04134232,0.067282791,1141.825742,617.1376056,1.043739851,0.076837743,144.6766624,78.55238298,1.033626159,0.04737664,0,10.32127885,0,1,0.000398123,5583.34152,0
1245,108.6726464,32.16398524,34.95345396,1.023403766,0.03423858,904.7301213,1597.0532,14449.02136,1.037410317,0.037423564,768.6954776,290.4301848,1.048707177,0.13177872,47.67312946,9.840953253,1.018514652,0.004777476,80.01750764,27.67299401,22.1432401,1.032266077,0.027470489,5992.403957,0
1246,129.4201548,79.35700245,102.7039554,1.037979794,0.04220104,911.471479,671.5949374,6121.396308,1.039739983,0.069273406,879.0012007,549.4313644,1.045164856,0.087188942,178.7682088,123.5425852,1.035780555,0.027470489,64.20438177,23.98179497,15.3973632,1.023469409,0.013536183,4395.238792,0
1247,69.74556935,28.14894231,19.63264008,1.030351712,0.004379353,814.617624,270.165136,2200.812811,1.045969177,0.127001244,937.5409464,1591.688645,1.031815504,0.039016056,150.8132714,111.7282717,1.045042608,0.035831072,104.0918612,1016.645966,1058.245708,1.04034624,0.000796246,6699.72955,0
1248,0,20.64255769,0,1.009624609,0.000398123,906.382296,372.3190932,3374.634345,1.048440412,0.092762664,987.1535532,1394.468709,1.042091126,0.044987901,159.4002661,115.8651129,1.042520696,0.037423564,0,0,0,0,0,7381.746596,0
1249,0,0,0,0,0,1129.831368,747.4778786,8445.23954,1.035895947,0.068079037,1238.67441,546.4314383,1.044918321,0.08957768,115.758369,119.4774406,1.046514947,0.001592492,0,0,0,0,0,7491.327414,0
1250,0,0,0,0,0,1140.196986,574.0334551,6545.112151,1.036990286,0.082013343,900.9914605,777.8824182,1.041182332,0.067282791,93.68219627,52.80871155,1.039444447,0.010351199,0,0,0,0,0,6528.249993,0
1251,0,0,0,0,0,1062.625614,1286.747175,13673.30507,1.0311843,0.049367255,790.3741256,306.2674427,1.045898934,0.118242538,76.91987173,31.7564578,1.023673901,0.006369968,0,0,0,0,0,7544.860661,0
1252,24.74358297,24.08298398,5.95899312,1.045344881,0.001194369,997.8658477,1536.481145,15332.0206,1.024715367,0.041404794,743.3230877,265.4428894,1.049968814,0.13695432,0,0,0,0,0,0,0,0,0,7553.881572,0
1253,128.7300407,49.58701359,63.83338276,1.036038182,0.018313659,928.9587498,1171.707054,10884.6752,1.038070921,0.050959747,1056.384258,292.6929822,1.050871441,0.133371212,0,0,0,0,109.9943882,30.96383654,34.05848256,1.029939766,0.011147445,5847.388532,0
1254,102.8246287,45.59312743,46.88096397,1.027407467,0.045784148,603.0284777,4529.411738,27313.64265,1.038606146,0.015128675,516.1937022,181.5559628,1.050622768,0.158452963,0,0,1.009624609,0.000796246,74.37567272,28.62694322,21.2914816,1.029938495,0.02110052,6880.460284,0
1255,103.3409466,41.17979621,42.55559121,1.02536652,0.039016056,647.6094804,4197.880134,27185.86972,1.032921449,0.01711929,389.094145,140.4739691,1.048476872,0.180747852,51.28315701,11.59436054,1.020998506,0.008360583,177.8426907,48.65745742,86.53373152,1.040321812,0.019508028,6925.703595,0
1256,80.64413636,39.37376745,31.75263471,1.026717805,0.010749322,990.9233574,1171.589004,11609.5491,1.040924728,0.049765378,865.9978404,481.4000247,1.048931723,0.084402081,0,0,1,0.000398123,74.07741449,44.82383956,33.20434142,1.044119451,0.013934306,7157.943772,0
1257,80.68171938,23.2228774,18.73661678,1.013444551,0.004777476,1019.765697,1024.313202,10445.59466,1.033776566,0.055737223,816.7584795,558.1814189,1.04768108,0.074050882,70.71067812,29.19298505,1.006342788,0.000796246,94.88106584,115.8646787,109.9336421,1.066306894,0.012341814,7174.852962,1
1258,406.0734937,658.7187607,2674.882285,1.036968106,0.011147445,1033.988681,672.4285572,6952.83517,1.036574552,0.074449005,1003.652817,567.8377087,1.042346449,0.073652759,54.39282932,36.49123131,1.031356434,0.000796246,76.83111615,301.0372997,231.2903174,1.03934916,0.002388738,6103.858718,2
1259,738.1033389,1690.286145,12476.05848,1.039700849,0.029062981,552.4037601,470.5874447,2599.542739,1.043842224,0.078430235,376.6231717,70.00609858,1.036913382,0.197867142,145.6862718,52.62840224,1.01438712,0.003184984,0,0,0,0,0,4056.954152,3
1260,538.2232521,1111.735526,5983.619103,1.048605976,0.042997286,850.4065551,762.494476,6484.303006,1.043808122,0.05135787,226.2305529,57.61768851,1.033632397,0.21737517,149.9884763,56.91444441,1.022913625,0.013536183,0,0,0,0,0,3385.992806,4
1261,636.865308,486.1519559,3096.133151,1.043054489,0.062505314,832.1649645,1775.259962,14773.09143,1.037680056,0.031849842,155.4562004,65.71702698,1.038660167,0.19627465,99.8155896,86.53886082,1.031950908,0.001990615,0,0,0,0,0,5080.743183,3
1262,205.9462564,111.5514488,229.7360327,1.038311151,0.070467775,420.4650634,11588.50253,48725.6045,1.046708609,0.007166214,144.1053707,57.57501256,1.034893642,0.157656717,0,0,1.033132473,0.000796246,0,0,0,0,0,8491.60455,1
1263,285.2275546,115.0822591,328.2463135,1.033316827,0.047774763,688.4054825,4368.428612,30072.50207,1.037088663,0.019508028,431.9741414,87.77026439,1.037411881,0.104308232,96.74453024,73.22533339,1.022081326,0.001194369,15.71348403,46.44575481,7.298246263,1.051318154,0.000796246,10086.22717,0
1264,451.3699889,262.1215345,1183.137941,1.043776448,0.06330156,1035.176237,1200.602913,12428.35605,1.036796282,0.051755993,773.6328228,198.068422,1.042073689,0.10669697,54.54545455,46.44575481,1.003427773,0.001592492,0,0,0,0,0,6104.791926,0
1265,712.7261298,479.7940962,3419.617893,1.040531237,0.056533469,1086.916113,1009.316363,10970.42217,1.031980564,0.054940977,318.1707237,100.7997117,1.045385146,0.171989145,20.20305089,21.89473879,1.010252789,0.000796246,0,0,0,0,0,5062.090094,1
1266,388.528378,384.0735981,1492.234921,1.041957953,0.080818973,880.9667372,531.4957573,4682.300831,1.037126129,0.082013343,381.6477957,137.3352922,1.047866574,0.184729082,0,0,0,0,0,0,0,0,0,2417.451329,2
1267,769.7319351,2079.889471,16009.57347,1.039599521,0.027072365,898.4418842,413.391535,3714.082696,1.034827124,0.076041497,280.0595227,73.23073211,1.03865258,0.163230439,118.4666641,62.15531325,1.022998193,0.004777476,0,134.176625,0,1.072190352,0.000398123,5425.677405,2
1268,748.0930974,2217.139712,16586.26915,1.042849486,0.025479873,963.3347614,609.5288563,5871.803354,1.04178516,0.057329715,143.3106642,54.90603581,1.036678977,0.155666102,0,0,1.034513382,0.000398123,0,0,0,0,0,6132.712317,2
1269,743.9119673,1980.810854,14735.48899,1.031381888,0.023489258,955.3961455,767.1462524,7329.285726,1.041730865,0.059718453,137.2502422,55.3897569,1.037594786,0.12381626,107.267895,179.9105515,1.021676467,0.004777476,0,0,0,0,0,6259.075935,2
1270,650.5651084,768.6636615,5000.657582,1.040667381,0.037821687,643.1112115,1743.347042,11211.66028,1.038201862,0.034636703,234.3110132,74.82927164,1.04283129,0.127399367,91.02844159,103.7753512,1.014803582,0.008758706,47.14045208,15.48191827,7.298246263,1.004812305,0.000796246,5047.138679,1
1271,369.0688784,180.6816975,666.8399145,1.039622163,0.103910109,808.6587338,2274.957305,18396.64094,1.035706762,0.027868612,278.7800064,84.16110458,1.042625654,0.211801448,0,0,0,0,0,0,0,0,0,5254.367371,0
1272,190.3165119,101.9051151,193.9422606,1.037186353,0.087985188,488.3499492,8236.38052,40222.36008,1.026741579,0.009554953,174.6964305,77.5967648,1.042618452,0.153675486,27.32266052,67.68115153,1.033215262,0.001194369,81.44110179,57.79916154,47.07227399,1.033525309,0.001990615,7794.363895,0
1273,305.6152225,133.4808085,407.9376697,1.036116197,0.070865898,746.354219,3277.36194,24460.72911,1.04117741,0.023091135,215.5880222,89.48424407,1.04424092,0.165221054,0,0,1.018941065,0.000398123,0,0,0,0,0,7298.998236,0
1274,437.4576141,142.5082597,623.413233,1.034679839,0.066088422,535.2586344,7003.521557,37486.95384,1.02843676,0.011545568,155.602638,65.10561452,1.038306691,0.146111149,113.6916785,299.2280968,1.050772191,0.000796246,0,0,0,0,0,8505.688454,0
1275,448.8517662,263.9119724,1184.57355,1.038678779,0.065690299,837.2259882,1987.617308,16640.84865,1.037769723,0.034636703,397.2349368,88.17092472,1.040877006,0.154073609,86.83767488,255.4386192,1.041866812,0.000796246,0,0,0,0,0,6168.522784,0
1276,274.7592828,230.5360843,633.4192919,1.043281174,0.049765378,580.2781448,5891.021685,34184.31135,1.028500136,0.013536183,184.6064522,65.60501494,1.038910607,0.132973089,0,0,1,0.000398123,94.28090416,30.96383654,29.19298505,1.022342531,0.000796246,8953.097237,0
1277,159.7903572,65.65010152,104.9025317,1.033223719,0.024285504,141.3848855,120067.4368,169757.2081,1.07424444,0.000796246,109.7601201,38.33617857,1.029748258,0.044589778,53.6425834,160.5614178,1.023486225,0.000796246,263.6841232,178.9021667,471.7366096,1.030271621,0.004777476,17461.26357,0
1278,92.12467922,25.80319712,23.77111257,1.018000903,0.009554953,173.1817608,76659.57842,132760.4077,1.037603197,0.001194369,84.49167663,52.4665008,1.054346901,0.004777476,225.9450095,1055.591702,1.030281492,0.013536183,250.9231363,508.3229832,1275.499972,1.046098919,0.003184984,25534.18251,0
1279,82.35997236,39.714486,32.70883969,1.026047064,0.018313659,0,233735.6808,0,1.125878412,0.000398123,47.14045208,15.48191827,1.028320168,0.000796246,209.8984041,552.0635686,1.02773864,0.023091135,81.26848902,23.59149451,19.17245112,1.022083095,0.005573722,21239.2082,0
1280,127.8910568,45.58564824,58.29996727,1.035688877,0.009554953,0,239226.6011,0,1.102102801,0.000398123,0,0,0,0,153.1322451,281.8148599,1.023227719,0.023489258,0,0,0,0,0,26087.20764,0
1281,47.14045208,15.48191827,7.298246263,1.004812305,0.000796246,0,231857.208,0,1.125583519,0.000398123,43.30127019,13.76170513,1.003208203,0.001194369,235.3860819,537.3790298,1.02842592,0.033442334,98.97433186,24.08298398,23.83597248,1.01489502,0.001194369,24026.19057,0
1282,105.2208562,41.28511539,43.44055188,1.035687855,0.005971845,141.4094781,122885.1459,173771.2435,1.03564311,0.000796246,0,20.64255769,1.009624609,0.000398123,108.6846397,143.959774,1.023671383,0.014332429,0,0,0,0,0,33430.0244,0
1283,134.9121464,28.27132901,38.14145679,1.019002032,0.00915683,0,242550.0529,0,1.087367281,0.000398123,0,20.64255769,1.056640337,0.000398123,192.2963362,345.5259059,1.026038203,0.017517413,69.2820323,17.20213141,11.91798624,1.007584656,0.001194369,28571.84534,0
1284,832.0305844,144.89951,1205.60824,1.037395397,0.102317617,639.2179883,4952.739378,31658.80102,1.03812116,0.016721167,0,0,0,0,130.451098,241.5144746,1.02491125,0.012739937,0,0,0,0,0,11323.54742,0
1285,1056.753709,190.7687217,2015.955542,1.037301662,0.093957033,786.3132737,3022.546813,23766.6868,1.04615574,0.025877996,116.940189,48.85405321,1.026378402,0.005971845,185.4216703,493.8809713,1.030496544,0.012341814,113.4289787,33.42128388,37.90942099,1.023106606,0.008360583,10114.6597,0
1286,501.7672977,113.4778206,569.3945938,1.04301315,0.146111149,467.2318802,9042.847717,42251.06741,1.030428996,0.008758706,64.75933621,29.2436234,1.017715443,0.002388738,111.230271,178.1311572,1.028669974,0.024683627,117.6482238,97.02002116,114.1423317,1.031742346,0.001990615,9230.440233,0
1287,746.9043205,152.0147372,1135.40464,1.043181926,0.178757237,711.6619311,3198.038514,22759.22264,1.039444139,0.02110052,0,20.64255769,1.009624609,0.000398123,153.2136524,228.067373,1.028428333,0.035831072,0,10.32127885,0,1,0.000398123,6867.261446,0
1288,546.3051482,163.4202484,892.7732303,1.044190025,0.088383311,659.2600223,4309.936685,28413.68955,1.040339876,0.017915536,99.80449639,33.02809231,1.015191926,0.001990615,88.39762998,128.2631739,1.028668641,0.03423858,408.5012197,437.296288,1786.36067,1.018675457,0.007564337,9844.2362,0
1289,81.03966996,25.13007024,20.36532598,1.021243001,0.00915683,141.1977541,104446.1813,147475.6622,1.118500627,0.000796246,116.7717541,43.29203072,1.037530831,0.014332429,233.2914872,498.2765164,1.033059307,0.044191655,441.5275557,657.6718881,2903.802612,1.024847213,0.009953076,14896.33585,0
1290,0,0,0,0,0,0,234014.3553,0,1.134867941,0.000398123,106.8039568,79.75533654,1.049984904,0.008758706,192.6984418,404.6847534,1.031989512,0.028664858,55.47001962,20.64255769,11.4504308,1.02412227,0.005573722,22401.84511,0
1291,0,41.28511539,0,1.034513382,0.000398123,165.440272,50.74628766,83.95479633,1.039718009,0.100327002,662.7633422,661.4130857,1.039834349,0.077235866,1264.760477,6951.722988,1.034222603,0.078430235,70.4060148,194.9574893,137.2617988,1.064524347,0.003583107,4504.828592,1
1292,0,0,0,0,0,128.4105478,38.75205428,49.76172518,1.032794016,0.108687585,552.9891167,228.8465704,1.045591066,0.129389982,974.8641563,15494.26411,1.032870648,0.041006671,158.6057631,503.6784077,798.8629822,1.048721826,0.001990615,5978.566719,1
1293,0,0,0,0,0,125.4705719,42.78478838,53.68231865,1.036439799,0.093160787,865.5010917,356.5746753,1.043192532,0.104706355,833.8118301,14869.49639,1.035189232,0.032646088,106.8187061,385.3277436,411.6021099,1.044462259,0.001194369,5953.395909,1
1294,0,61.92767308,0,1.030403101,0.000398123,166.2334705,47.69142639,79.27911321,1.034708892,0.069273406,970.190017,1383.316014,1.044129332,0.046580394,753.1604951,2983.949648,1.041141839,0.078430235,282.9836326,265.5383558,751.430085,1.032386081,0.004379353,6755.887563,1
1295,24.74358297,24.08298398,5.95899312,1.014001062,0.001194369,147.5179066,55.53830998,81.92895227,1.039349892,0.033442334,780.3833593,2678.133677,1.038085228,0.025877996,419.9786995,1021.326076,1.045310264,0.103511986,117.0247852,3044.77726,3563.144047,1.049731122,0.001194369,8312.845262,1
1296,0,0,0,0,0,151.176433,53.54163402,80.94233248,1.033809282,0.03821981,718.8175389,479.391689,1.047404337,0.071264021,863.6521647,17079.65427,1.030563445,0.032247965,0,41.28511539,0,1,0.000398123,8485.436991,1
1297,0,0,0,0,0,167.3172881,73.16504176,122.4177637,1.044232938,0.067282791,789.1988657,494.0824079,1.043216937,0.073652759,957.5137375,11324.53437,1.037181557,0.049367255,0,753.4533558,0,1.03752664,0.000398123,6248.457103,1
1298,0,0,0,0,0,216.8251425,78.06888009,169.2729605,1.044052264,0.090373926,805.5520313,830.1483971,1.045751298,0.051755993,1012.288278,9676.066071,1.040255952,0.052154116,0,319.9596442,0,1.064122555,0.000398123,6078.124056,1
1299,0,0,0,0,0,165.6676934,66.90678247,110.8429232,1.043268906,0.079226481,784.3012157,474.4494244,1.043033864,0.074847128,848.6270244,9715.607076,1.036113232,0.05135787,96.85783625,108.9468323,105.5235444,1.044081504,0.003583107,5308.495081,1
1300,0,0,0,0,0,271.8345652,126.4073107,343.6187635,1.046566314,0.07245839,892.9285829,567.7869612,1.041351861,0.070467775,957.4183404,7605.266213,1.038747938,0.063699684,162.7777584,144.4979039,235.2104489,1.028374373,0.001592492,5138.396949,1
1301,0,0,0,0,0,654.7410255,269.0055241,1761.289528,1.046652415,0.107095093,441.1532491,204.9418931,1.047363404,0.127399367,823.3003298,4877.943524,1.040280155,0.072856513,126.440019,1603.238648,2027.135251,1.047549259,0.001194369,2654.615552,1
1302,0,0,0,0,0,521.658491,237.2144765,1237.449459,1.046260303,0.093957033,909.8444941,331.6570936,1.04636658,0.119436907,774.5683303,3095.661888,1.04291995,0.093160787,171.863964,544.4474592,935.7089854,1.037226821,0.001592492,2623.72395,1
1303,0,0,0,0,0,342.7183464,100.1579272,343.2595919,1.042021661,0.138546812,909.8563795,402.0196977,1.047073539,0.104706355,991.5426857,4353.547364,1.042992469,0.094355156,142.8352904,1306.673902,1866.391463,1.02969071,0.001990615,3075.632808,1
1304,0,0,0,0,0,318.5757451,85.03550438,270.9024917,1.041229295,0.125010629,1014.892323,532.3379587,1.044942115,0.08559645,1288.633538,4947.430972,1.037627239,0.10669697,236.4515437,1188.667281,2810.622134,1.028489295,0.002388738,4006.982671,1
1305,0,0,0,0,0,302.7165473,85.4339382,258.6226679,1.043573552,0.137750566,740.5407562,509.4672989,1.046537006,0.091568295,1120.362107,4085.656972,1.041262053,0.111474446,177.7858266,291.5761274,518.3810283,1.038010797,0.003184984,3038.745773,1
1306,0,0,0,0,0,231.0363261,87.15479882,201.3592452,1.046693933,0.171192899,666.3411812,245.3676434,1.048877745,0.138546812,919.8690184,4869.003239,1.040712655,0.091170172,175.3287439,887.6299808,1556.270496,1.040459931,0.003184984,2512.238865,1
1307,0,0,0,0,0,243.0873725,89.95772145,218.6758615,1.042988461,0.116251922,1233.323464,609.0542202,1.044098749,0.083207712,765.7073303,3329.415296,1.0409309,0.080818973,203.9173931,1168.884829,2383.559472,1.01642336,0.003184984,4448.437805,1
1308,0,0,0,0,0,282.1257142,94.00080594,265.2004451,1.041778311,0.085198327,729.4583009,1388.267496,1.038322928,0.037025441,977.821021,4328.307512,1.043256373,0.091568295,59.47617141,36.12447596,21.48545525,1.027696974,0.001592492,5064.319034,1
1309,0,0,0,0,0,192.1908771,73.60618431,141.4643712,1.03837289,0.130186228,756.7162456,1020.622197,1.040253146,0.048571009,884.877824,3671.411796,1.042105099,0.087985188,213.5551044,838.4054202,1790.45757,1.04759465,0.005175599,3888.381835,1
1310,0,0,0,0,0,258.8482131,59.66989333,154.4544527,1.030413805,0.03821981,583.804386,5428.402886,1.041369766,0.013934306,407.6101292,719.9707171,1.040820137,0.115853799,140.7016547,2028.131293,2853.614289,1.01875763,0.000796246,9123.315447,1
1311,0,0,0,0,0,297.2542451,105.9081543,314.8164845,1.046299195,0.125010629,602.1875325,4809.436989,1.030072624,0.014730552,434.6034377,595.6651464,1.041055292,0.115455676,44.53617714,37.8446891,16.85457778,1.022730994,0.002388738,6938.163303,1
1312,0,0,0,0,0,598.4652708,214.1301935,1281.494843,1.041690585,0.141333673,1024.497358,1096.970728,1.03862174,0.052154116,286.9429574,325.0700539,1.040728813,0.099928879,160.4022945,274.9213366,440.9801319,1.039918818,0.004379353,4787.681064,0
1313,0,0,0,0,0,469.9644651,244.4936703,1149.03337,1.047761737,0.122621891,1015.181589,1003.040644,1.032630121,0.052552239,332.2560927,450.3911479,1.041609705,0.104308232,252.5233236,663.1421659,1674.588638,1.041616569,0.004777476,4454.076823,0
1314,0,0,0,0,0,506.839442,211.7483307,1073.224058,1.044354807,0.152082994,1138.137042,848.3011862,1.033791731,0.060912822,380.8349256,662.0132146,1.043283963,0.090772049,175.6456748,96.3319359,169.2028788,1.031428594,0.003583107,4375.356238,0
1315,0,0,0,0,0,425.4459238,137.7075888,585.8713234,1.041092135,0.151286748,1091.230834,815.3810289,1.037862232,0.062903437,562.673111,1665.83727,1.047262901,0.090772049,142.883655,167.8928026,239.8913727,1.042546697,0.005971845,4120.339435,0
1316,0,0,0,0,0,481.6395684,218.4383987,1052.085761,1.043805214,0.143324288,1077.975644,1022.724053,1.040337303,0.053746608,405.7360779,540.1827976,1.041393372,0.10271574,0,61.92767308,0,1.053520547,0.000796246,4725.727926,0
1317,0,20.64255769,0,1.009624609,0.000398123,969.9328589,974.6539141,9453.488573,1.032401426,0.058125961,589.2945796,226.0802037,1.050484067,0.15805484,340.1837765,342.058138,1.03752933,0.075643374,0,0,0,0,0,4332.430436,0
1318,0,0,0,0,0,785.6554078,2545.915449,20002.1224,1.034012418,0.026276119,589.6295109,162.7947164,1.04611528,0.183932836,172.0024437,129.8494306,1.039807643,0.041802917,0,10.32127885,0,1,0.000398123,6503.511031,0
1319,0,0,0,0,0,790.4968074,1788.131203,14135.12008,1.030983638,0.033840457,1066.582802,316.9200443,1.047647566,0.123020014,67.89721545,19.88276824,1.024173694,0.01711929,0,0,0,0,0,6850.466227,0
1320,31.32731828,24.51303726,7.679277203,1.026130808,0.003184984,635.8454663,1485.842877,9447.664571,1.041629516,0.039016056,1071.404693,320.6369782,1.04233699,0.127399367,71.49488985,18.89791778,1.022678343,0.016323044,78.45589831,25.1099769,19.70025794,1.025772184,0.026674242,4853.180118,0
1321,0,0,0,0,0,1016.646667,1217.996915,12382.72504,1.035936189,0.047774763,1011.012034,393.7665251,1.04902204,0.105502601,76.07246239,22.57349653,1.02232434,0.006369968,81.59309442,28.01489973,22.85822358,1.022198575,0.002786861,7434.401848,0
1322,50,20.64255769,10.32127885,1.026464768,0.001194369,981.2016704,1400.607186,13742.7811,1.036474647,0.042599163,597.1805286,343.7725606,1.047282345,0.116650045,72.47237268,20.24020476,1.026328053,0.006768091,0,51.60639423,0,1.068122927,0.000398123,7128.90435,0
1323,0,0,0,0,0,836.8400532,2154.915651,18033.19728,1.025441542,0.029461104,556.3712869,265.6974824,1.045171916,0.136158073,72.33803472,17.24952029,1.024994844,0.011545568,62.36095645,30.96383654,19.30934462,1.025582791,0.001990615,7418.766099,0
1324,47.14045208,15.48191827,7.298246263,1.004812305,0.000796246,1145.675642,889.451383,10190.22784,1.035212424,0.060912822,859.0869701,521.961816,1.043193466,0.083605835,139.5601692,100.8307595,1.032811293,0.01313806,207.642104,340.6022019,707.2335783,1.036596521,0.003583107,7021.252734,0
1325,0,0,0,0,0,822.1630689,995.6239499,8185.652422,1.042460141,0.054144731,1057.041224,582.4837782,1.039701616,0.076837743,223.5479734,121.9024012,1.029428453,0.023887381,0,82.57023077,0,1.050876961,0.000398123,6485.881446,0
1326,0,0,0,0,0,932.8872912,309.1071231,2883.621068,1.039837978,0.108289462,1001.611008,1126.542206,1.036858221,0.048571009,688.8722661,1449.064464,1.036813858,0.044987901,236.2623648,327.4139012,773.5558255,1.037475953,0.007166214,5856.417823,0
1327,0,0,0,0,0,505.587735,148.9081147,752.8611644,1.041683115,0.177960991,731.8232482,2830.979341,1.036757231,0.022294889,408.1781666,1273.124078,1.043866925,0.032646088,96.36241117,38.90328181,37.48814037,1.035899261,0.005175599,6386.849299,0
1328,84.0660897,27.03192079,22.72467878,1.012692669,0.008360583,557.865837,185.8924321,1037.030372,1.043719835,0.112668815,622.5961517,4232.98302,1.043450253,0.016323044,186.072411,226.523593,1.054335456,0.079624604,0,51.60639423,0,1.078274328,0.000796246,7253.610391,0
1329,68.37207386,25.06596291,17.13811868,1.008961762,0.008360583,1246.827949,619.6274539,7725.688274,1.033847441,0.082013343,1198.940884,655.8151618,1.04211217,0.074449005,166.7195683,77.43416192,1.023884112,0.003184984,0,0,0,0,0,7510.100211,0
1330,137.293841,64.84191652,89.02395778,1.033394114,0.033840457,1148.311857,714.3998683,8203.538393,1.037764159,0.073652759,981.0320962,419.1286481,1.049946563,0.10669697,89.47458946,52.63905469,1.041661204,0.00796246,0,0,0,0,0,5512.598384,0
1331,91.53379651,45.07393927,41.25788785,1.023015161,0.031451719,827.1936257,2322.717794,19213.37353,1.026626595,0.028664858,403.736731,239.1199273,1.051707529,0.132973089,73.92156814,21.93524713,1.028418573,0.006369968,43.30127019,13.76170513,5.95899312,1.003208203,0.001194369,7299.73897,0
1332,102.9062379,38.84060198,39.96940229,1.026304969,0.015128675,868.3822939,1614.486195,14019.91226,1.036822859,0.041404794,771.0993484,319.7158345,1.050678009,0.101123248,0,0,1,0.000398123,150.2619595,44.46089349,66.80780976,1.034590365,0.005175599,7321.890433,0
1333,113.1233979,42.31724327,47.87070349,1.026533248,0.027868612,921.5197616,1598.830601,14733.53995,1.039853552,0.03821981,761.2814177,466.7568429,1.041145397,0.08042085,0,0,1.014716284,0.000398123,0,309.6383654,0,1.066457159,0.000398123,7942.797914,0
1334,404.4116051,260.7691059,1054.580527,1.037894117,0.072060267,837.3927624,1969.755749,16494.59208,1.034155731,0.030655473,581.728358,153.1241926,1.04442741,0.13575995,0,0,1.059012053,0.000398123,0,0,0,0,0,5971.736274,2
1335,683.614061,1225.493884,8377.64851,1.043434444,0.039016056,805.9921605,443.7674269,3576.730672,1.046528729,0.086392696,526.6327982,70.76513171,1.036860716,0.188312189,84.49393888,30.76523861,1.026114777,0.014332429,0,0,0,0,0,3442.388758,2
1336,541.1744068,370.0000513,2002.345583,1.041280421,0.057727838,906.6213891,1719.633701,15590.56695,1.039341572,0.037821687,146.9388742,71.2392616,1.042207993,0.18313659,185.4933049,184.615212,1.038948226,0.005573722,0,0,0,0,0,5758.815085,2
1337,120.3816461,56.61958682,68.1595906,1.031526305,0.013934306,282.6102288,26907.57395,76043.55632,1.038964217,0.003184984,300.5026953,97.60469476,1.038399548,0.137750566,17.67766953,14.59649253,1.041857052,0.000796246,0,0,0,0,0,10877.21683,2
1338,313.5643196,214.3877063,672.2433527,1.040403579,0.027868612,507.6955199,7632.188735,38748.28028,1.025484956,0.010351199,237.3568439,120.6795681,1.043679739,0.124214383,0,0,1.008645268,0.000398123,0,0,0,0,0,9771.964888,1
1339,127.162903,55.87726824,71.05515641,1.024940904,0.011545568,141.4090929,119024.9877,168312.1553,1.080925442,0.000796246,133.1031268,46.70378678,1.034367223,0.095549525,63.39578038,94.87720142,1.016831099,0.000796246,0,0,0,0,0,14404.03185,0
1340,558.8307801,999.5934187,5586.0357,1.036827638,0.018313659,893.5724504,1981.448268,17705.67584,1.038399256,0.034636703,389.8738454,116.7442288,1.039267479,0.101123248,148.2598019,520.2784574,1.041315118,0.003583107,0,0,0,0,0,8516.812615,0
1341,911.0651606,1173.87976,10694.80952,1.039816263,0.043395409,1136.051592,328.7694387,3734.990442,1.039748778,0.095151402,236.5024194,93.41081925,1.04337627,0.189904681,0,0,1.022435341,0.000398123,0,0,0,0,0,4376.260874,0
1342,552.9839251,399.5700965,2209.558403,1.043521624,0.054144731,962.6458963,1555.7343,14976.2124,1.038822468,0.041404794,366.5572729,112.3990813,1.039565668,0.115853799,177.0048982,1000.237009,1.0286411,0.001592492,0,72.24895193,0,1.018629051,0.000398123,6694.055282,0
1343,582.4356216,371.3911015,2163.114071,1.031966502,0.023489258,568.8175981,6471.441837,36810.70002,1.035180054,0.01313806,302.6097953,66.75536802,1.0323111,0.049367255,134.6935568,239.5794817,1.019385903,0.011943691,114.8110907,419.0439212,481.1088964,1.064429617,0.001990615,13383.73123,0
1344,138.8411018,92.57874359,128.5373476,1.036393028,0.01313806,345.6450489,19965.65382,69010.29391,1.034235501,0.004777476,228.0826314,190.2555734,1.049037081,0.011943691,119.1034946,165.9555513,1.016745436,0.006369968,135.9950338,54.42128846,74.01024966,1.031186069,0.004379353,23664.27485,0
1345,62.15180788,33.02809231,20.52755648,1.02911416,0.00398123,141.4094008,122090.4075,172647.3136,1.031213963,0.000796246,0,30.96383654,1.058052667,0.000398123,179.256704,456.6190998,1.016971855,0.009953076,91.27628907,24.39575,22.26753529,1.024390512,0.004379353,34862.32384,0
1346,85.25363229,34.93355917,29.78212808,1.021059441,0.010351199,199.8961593,53010.08816,105965.1303,1.050844411,0.001592492,76.92276428,35.29211477,1.026568172,0.012341814,580.8789073,3091.547839,1.026669388,0.027470489,49.54164914,19.65957876,9.73967953,1.022693315,0.008360583,17354.70653,0
1347,541.847453,291.6766594,1580.44255,1.035348443,0.030655473,410.4690059,12851.81357,52752.71139,1.039642985,0.006768091,203.1474864,75.21631959,1.039127759,0.031849842,175.4562726,529.6979362,1.018811391,0.004777476,120.0634706,39.90894487,47.91606428,1.029394901,0.005971845,15365.95009,0
1348,573.3347752,304.9110621,1748.161153,1.03541266,0.052154116,633.7019905,4460.75842,28267.91489,1.02879613,0.016721167,187.4239645,65.54917443,1.038278885,0.136158073,75.36520841,119.5967947,1.017998646,0.003184984,59.07880084,28.01489973,16.55086682,1.020780484,0.002786861,8004.625404,0
1349,387.9172431,202.497329,785.522056,1.039430013,0.053348485,604.9822743,5346.98035,32348.28332,1.027495771,0.014730552,277.6824183,83.46307496,1.040614528,0.115057553,54.60850295,61.29471751,1.014844843,0.003184984,67.34874767,296.7367668,199.8484963,1.082858863,0.001592492,9064.597823,0
1350,260.1405294,93.90119994,244.2750787,1.031017906,0.036627318,299.6350386,25451.12683,76260.49369,1.033127089,0.003583107,139.0052768,67.80601732,1.039493319,0.060116576,187.3339904,569.0091836,1.015888185,0.002786861,173.0862436,278.6745289,482.347274,1.061826667,0.001592492,14105.2638,0
1351,297.9832713,222.4808996,662.9558626,1.043552108,0.028664858,488.5606329,9370.00098,45778.13609,1.025751143,0.009554953,202.5828236,56.47492199,1.035178151,0.06330156,99.50286156,141.4973342,1.020289189,0.003583107,0,20.64255769,0,1.009624609,0.000398123,13776.6825,0
1352,123.7386263,69.82041573,86.39482329,1.024354556,0.006768091,0,242302.3422,0,1.085400056,0.000398123,88.68930532,50.31623438,1.036794332,0.012739937,133.2407822,203.9902646,1.015964177,0.007166214,212.3290358,664.6903577,1411.330628,1.032256602,0.001990615,28347.50126,0
1353,140.7565126,118.2977345,166.5117655,1.056619522,0.005175599,0,239577.5246,0,1.106848709,0.000398123,128.9917632,68.56278091,1.047041934,0.011147445,161.5933856,304.6877912,1.022937942,0.016323044,111.4324347,45.87235043,51.11667693,1.029040091,0.003583107,24965.40243,0
1354,238.4072386,138.3051365,329.7294569,1.038214555,0.009953076,172.9549329,78596.53842,135936.5902,1.056732014,0.001194369,76.41413507,40.68965699,1.03159616,0.020702397,142.2771017,462.8436575,1.02610964,0.010749322,211.8593015,86.01065706,182.2215773,1.027973933,0.004777476,21583.83159,0
1355,94.03801911,36.69788034,34.50995973,1.024302471,0.010749322,0,237781.6221,0,1.107808078,0.000398123,70.6444248,29.08724039,1.028857713,0.004379353,165.7226055,453.4732356,1.028514788,0.01711929,119.3838965,45.70852061,54.56861293,1.033481161,0.002786861,25190.90411,0
1356,190.8937509,65.76616521,125.5434996,1.036290771,0.048172886,173.1473971,77478.39988,134151.8327,1.063159866,0.001194369,81.19486488,35.09234808,1.029490656,0.00796246,142.6489818,247.248207,1.025466271,0.023091135,47.14045208,15.48191827,7.298246263,1.028320168,0.000796246,16264.52361,0
1357,152.1424077,42.07905991,64.02009488,1.025731645,0.010351199,0,243004.1892,0,1.09274538,0.000398123,0,0,0,0,114.8711841,156.4103117,1.021291424,0.020702397,0,0,0,0,0,27328.66899,0
1358,87.38925513,28.86732677,25.22694184,1.022944404,0.025479873,173.1826922,79848.85358,138284.3944,1.038689588,0.001194369,0,20.64255769,1.025296519,0.001194369,139.7265167,237.9557962,1.025859592,0.022294889,109.9943882,92.89150962,102.1754477,1.038723262,0.000796246,21163.89555,0
1359,101.7545827,30.86553865,31.40710003,1.027593156,0.041802917,0,235758.6514,0,1.125270272,0.000398123,0,0,0,0,341.9464205,936.8751928,1.025604913,0.017517413,70.71067812,61.92767308,43.78947758,1.022594655,0.000796246,19121.14204,0
1360,774.6263786,266.518356,2064.521489,1.049430346,0.08957768,733.095437,3261.892733,23912.78678,1.043291809,0.022294889,0,30.96383654,1.022753969,0.000398123,139.7345935,335.4237483,1.032944308,0.013934306,38.56946079,56.76703366,21.89473879,1.030639381,0.000796246,10159.85622,0
1361,390.6146059,102.4978947,400.3717474,1.038328784,0.091966418,359.8043229,16933.24886,60926.56142,1.046256654,0.005175599,68.69780022,28.89958077,1.023884403,0.001990615,93.96190673,129.4481571,1.02630725,0.018313659,182.8796606,42.26809432,77.29974743,1.018099309,0.008360583,12358.85848,0
1362,175.4071491,59.78299176,104.8636415,1.034963318,0.061310945,141.3270843,108383.7492,153175.5926,1.116453417,0.000796246,85.44015657,38.99149786,1.033650324,0.007166214,368.3527536,1196.170909,1.033414459,0.026674242,155.9763239,101.6837101,158.602513,1.033575797,0.010749322,13243.0655,0
1363,311.6680514,123.1370154,383.7787364,1.042555419,0.108687585,466.9019471,8834.076395,41246.4747,1.029783693,0.008758706,54.7460898,27.27766552,1.032071615,0.005573722,165.3185646,289.3090899,1.033946194,0.044589778,190.8127741,190.0329576,362.607158,1.044550868,0.006768091,9246.090808,0
1364,189.1225964,58.88561195,111.3659982,1.030451498,0.037821687,316.0238625,19563.98405,61826.85806,1.025706153,0.00398123,120.3517539,65.75036895,1.041461563,0.010749322,184.0227814,358.6420539,1.034241094,0.040608548,586.4906543,673.5863171,3950.520798,1.037375947,0.016721167,11859.7127,0
1365,87.3043963,29.02859676,25.34324115,1.023240046,0.006369968,190.6682191,50.39631326,96.08975298,1.037606067,0.057727838,732.0696643,3499.288848,1.022489129,0.021896766,651.8404768,1234.694902,1.0402588,0.106298847,0,371.5660385,0,1.053604351,0.000398123,8680.809968,2
1366,0,0,0,0,0,154.0591859,49.71753274,76.59442619,1.036766901,0.060912822,1097.474643,807.3676136,1.043435791,0.064097807,1054.461102,5842.109057,1.042553107,0.074449005,195.3272433,2495.169161,4873.745139,1.026569046,0.001592492,6147.148346,2
1367,0,30.96383654,0,1.058052667,0.000398123,238.5361013,64.08266537,152.8602916,1.037973503,0.108687585,533.451396,352.2539581,1.049870857,0.101919494,983.2970089,8740.551373,1.040794216,0.058125961,210.9446579,2739.267406,5778.338258,1.033845726,0.001990615,4237.619905,1
1368,0,41.28511539,0,1.086555194,0.000398123,152.5634972,52.48336564,80.07045807,1.035414276,0.060912822,908.9454542,1055.841236,1.039431708,0.048172886,849.2766574,4483.717169,1.040643307,0.06847716,184.683533,4908.800219,9065.745671,1.033769204,0.001990615,5764.012938,1
1369,0,0,0,0,0,154.0113833,58.05719351,89.41468681,1.043761432,0.006369968,585.3787285,5159.459849,1.03931486,0.013934306,407.7873686,697.6593272,1.042836718,0.115455676,155.9112596,3342.374133,5211.13761,1.052064637,0.002388738,9634.395752,1
1370,0,0,0,0,0,120.2115369,107.3413,129.0366265,1.048348022,0.001990615,516.633228,7364.232457,1.039195578,0.011147445,685.2945459,1245.053755,1.035680643,0.091170172,186.445025,189.2234455,352.7977003,1.0447188,0.005971845,12148.94358,1
1371,0,0,0,0,0,254.7084335,77.78719911,198.1305563,1.037657646,0.032646088,825.4336175,2536.127194,1.028523973,0.028266735,602.4151658,1310.395916,1.040821652,0.111076323,132.475773,505.7426635,669.9865028,1.049140532,0.003184984,8469.308205,1
1372,0,0,0,0,0,164.2079958,51.28635458,84.21629497,1.041642554,0.05135787,916.2877814,700.5744751,1.041606281,0.058125961,1031.569603,9862.167966,1.037735214,0.057727838,253.8980788,456.716589,1159.594645,1.034650513,0.003184984,6852.395272,1
1373,0,41.28511539,0,1.062712868,0.000398123,294.9403483,78.7803862,232.3551454,1.045633479,0.050959747,884.8371908,721.3779969,1.046455392,0.051755993,1105.211511,10765.15602,1.04213185,0.058922207,0,3117.026212,0,1.039809922,0.000398123,7412.430968,1
1374,0,0,0,0,0,248.3810392,91.72620394,227.8304986,1.048250225,0.049367255,731.9683921,259.2739508,1.043974725,0.095947648,888.5730257,18610.84561,1.033061565,0.032646088,135.1377898,928.9150962,1255.31533,1.052293038,0.002388738,8034.353128,1
1375,0,0,0,0,0,208.9401664,64.03015581,133.7847141,1.042196436,0.042997286,836.6458701,2298.437218,1.032868609,0.029461104,839.897115,1911.607172,1.040387575,0.115853799,9.905098683,2649.128237,262.3987662,1.058634231,0.001194369,7725.692293,1
1376,0,0,0,0,0,92.18222737,45.41362693,41.86329283,1.037673496,0.015924921,525.8925599,6640.268469,1.02795769,0.011147445,845.5864056,1571.526382,1.041528679,0.121825645,170.3470323,2188.111115,3727.38235,1.046652382,0.001194369,9620.268627,1
1377,0,10.32127885,0,1,0.000398123,269.9034172,73.33292185,197.928062,1.038555606,0.087188942,907.2985799,1479.678195,1.040613238,0.041802917,934.529661,2544.176661,1.045853494,0.116251922,99.06974722,61.92767308,61.35158918,1.03250197,0.001592492,5790.36187,1
1378,0,0,0,0,0,173.8854823,72.69493311,126.4059351,1.042194593,0.128991859,477.8058098,240.5512137,1.04651432,0.113066938,1093.573504,12732.69118,1.032417796,0.051755993,223.9001811,467.4932183,1046.718163,1.041969128,0.006768091,5330.551217,1
1379,0,0,0,0,0,131.5357269,46.06265057,60.58884228,1.034717597,0.091170172,458.434752,209.2685639,1.049950986,0.132973089,913.3773119,17066.48552,1.032957829,0.035034826,148.4424007,788.2876719,1170.153144,1.044282606,0.003184984,6272.50186,1
1380,0,0,0,0,0,169.0052781,54.57866124,92.24081822,1.038466283,0.125806875,542.5992166,246.7817772,1.047703305,0.119436907,1002.069567,14313.64364,1.036389763,0.043395409,161.5859766,700.1267484,1131.306644,1.047163283,0.002388738,5592.377111,1
1381,0,0,0,0,0,280.2972667,86.61240462,242.7722028,1.041192587,0.104706355,618.6255155,219.4646847,1.048357582,0.127001244,937.1595333,12871.11933,1.035832075,0.041802917,278.9624957,945.4291423,2637.39273,1.052338847,0.005971845,5076.749549,1
1382,0,0,0,0,0,317.9277928,108.4528223,344.8016643,1.043774233,0.103511986,578.705415,1110.247656,1.046946025,0.043395409,814.8831146,2676.071585,1.046315528,0.07643962,312.6810205,2047.959013,6403.579142,1.042344697,0.007564337,3407.840898,1
1383,0,0,0,0,0,717.5416354,230.4502486,1653.576483,1.04687454,0.070467775,953.3513091,1636.748399,1.041075328,0.039812302,608.9690293,1185.727907,1.042426605,0.094355156,68.83525268,141.9175841,97.68932764,1.050108608,0.001592492,6965.307274,1
1384,0,0,0,0,0,669.6917743,359.8543283,2409.914836,1.047863347,0.076837743,952.0923666,1545.137571,1.027572127,0.039016056,307.8250485,319.2277439,1.043175505,0.066884668,396.5739876,715.6086667,2837.917825,1.04383125,0.007166214,6859.825904,1
1385,0,0,0,0,0,347.0454905,124.4149336,431.7764165,1.043246621,0.132176843,595.5181223,4105.411534,1.022546531,0.016721167,324.0364132,327.0747985,1.034061716,0.074050882,437.7484749,549.152748,2403.907779,1.039163472,0.013536183,6544.437872,1
1386,0,0,0,0,0,413.7164093,183.9278874,760.9398514,1.048037249,0.121825645,710.9373653,3413.16752,1.034185816,0.020702397,171.7436943,113.1929656,1.038654873,0.088781434,170.5781568,452.4160561,771.7229695,1.030808362,0.002388738,7240.714592,1
1387,0,0,0,0,0,521.9846861,191.2923505,998.5167754,1.043282879,0.117844414,877.9410022,1947.449101,1.034699734,0.032646088,385.5103543,512.4652588,1.039323387,0.102317617,128.913181,70.18469616,90.47732437,1.034952657,0.00398123,6138.690171,1
1388,0,0,0,0,0,423.6050057,189.9053318,804.4484916,1.042214336,0.132574966,875.646296,1652.254603,1.036387479,0.033840457,571.8385759,1018.376668,1.04034508,0.089179557,224.1732939,760.678251,1705.237491,1.042907363,0.00398123,5289.670232,1
1389,0,0,0,0,0,1023.249703,689.8454745,7058.841771,1.040212745,0.06847716,859.4256719,413.0354624,1.040954249,0.111474446,503.1220833,605.5849953,1.034880059,0.0553391,50,20.64255769,10.32127885,1.021211987,0.002786861,4504.375554,0
1390,0,0,0,0,0,1065.845648,468.7619379,4996.278713,1.04073565,0.088781434,1106.450443,312.7178289,1.0421219,0.121427522,881.0249902,3507.315999,1.037626573,0.050959747,73.72191421,38.70479567,28.53391626,1.02508143,0.003184984,4026.238739,0
1391,0,0,0,0,0,873.4627034,311.388971,2719.866524,1.042117369,0.112668815,632.4229974,348.721608,1.042609179,0.08957768,875.8882105,6707.892553,1.038242296,0.043793532,129.7677812,87.7308702,113.8464037,1.047248012,0.001592492,3611.158434,0
1392,0,0,0,0,0,605.019493,1264.222033,7648.789737,1.043855665,0.045784148,1077.929226,233.4490238,1.040123148,0.161637947,179.9277376,144.6356937,1.046204417,0.054542854,0,0,0,0,0,3772.008576,0
1393,0,0,0,0,0,505.2242304,1457.385424,7363.064293,1.047175646,0.039414179,1322.701157,298.6032229,1.043506173,0.138148689,135.8925658,60.2732501,1.030142678,0.029461104,0,0,0,0,0,4568.212772,0
1394,24.74358297,24.08298398,5.95899312,1.014001062,0.001194369,970.6765918,956.7512725,9286.960644,1.042788017,0.052552239,989.6237229,509.3270407,1.043594891,0.095151402,140.4709576,76.05300649,1.032973047,0.022693012,0,0,0,0,0,6357.923418,0
1395,0,0,0,0,0,833.3598224,1934.153333,16118.45678,1.032817687,0.03025735,487.3328972,406.5846631,1.052778162,0.100327002,138.0997042,51.79987021,1.027088268,0.016323044,130.1708279,61.92767308,80.61176477,1.03997535,0.001194369,7456.494335,0
1396,0,0,0,0,0,972.7316433,1310.802414,12750.58986,1.03551238,0.042997286,706.8028624,380.7035147,1.044186459,0.111076323,233.1094702,198.0313071,1.03351223,0.015526798,70.71067812,41.28511539,29.19298505,1.055080442,0.000796246,6755.869153,0
1397,0,0,0,0,0,903.4638398,455.3989789,4114.365101,1.040032012,0.074847128,871.1970782,828.2299679,1.038632261,0.058524084,304.1904521,503.9379409,1.043028153,0.046978517,342.0531925,1866.563582,6384.640323,1.029877302,0.005175599,4938.041047,0
1398,0,0,0,0,0,753.0274169,553.8035803,4170.292795,1.04366583,0.052154116,905.0141069,527.675381,1.041423428,0.066884668,220.7547838,191.6714334,1.037519899,0.045386024,232.9911808,6673.566881,15548.82227,1.033015777,0.004777476,4659.848312,0
1399,0,0,0,0,0,509.0359387,572.1527205,2912.462972,1.0448419,0.069671529,821.7685555,469.3465749,1.051352016,0.083207712,344.0691405,395.7907061,1.038128882,0.098734509,316.9791457,678.6240842,2151.096824,1.03545318,0.014332429,2682.482545,0
1400,0,0,0,0,0,442.5887202,239.4797991,1059.910578,1.044774031,0.125806875,878.349785,1509.348304,1.047070162,0.037025441,512.6886073,687.2857286,1.036170549,0.101521371,96.93163282,49.97671863,48.44324939,1.024262326,0.007564337,4961.114974,0
1401,96.17161531,32.84043269,31.5831746,1.024230746,0.004379353,451.6573945,195.977267,885.1458178,1.045266843,0.129389982,691.5545898,3383.728057,1.026387458,0.019906151,201.8431565,163.9865883,1.041810218,0.086790819,72.15685394,32.43830495,23.40646032,1.024159789,0.002786861,6723.344403,0
1402,170.1413582,74.78400287,127.2385182,1.036471668,0.022693012,658.1945221,690.6831293,4546.038522,1.045306642,0.058524084,1138.890354,694.4578642,1.045438405,0.070069652,529.2356361,1030.050417,1.044490083,0.04737664,0,0,0,0,0,5325.503227,0
1403,345.7939926,133.4480641,461.4553891,1.03674756,0.067680914,670.5705974,3754.477368,25176.42132,1.026911579,0.018313659,336.929931,127.6106856,1.043776314,0.173979761,0,0,1.009624609,0.000398123,0,0,0,0,0,6687.286777,0
1404,216.0399833,87.87556102,189.8463474,1.036894748,0.042599163,863.0330606,1932.245339,16675.91608,1.026646998,0.032247965,557.7523554,262.3192716,1.050018311,0.129389982,0,0,1,0.000398123,0,0,0,0,0,6717.227297,0
1405,132.0709391,41.64102155,54.99568822,1.027882956,0.011545568,819.1475337,2517.955928,20625.77388,1.029612726,0.028266735,463.9618431,223.8873632,1.044028609,0.126603121,0,0,0,0,0,0,0,0,0,8543.429829,0
1406,103.0124762,37.8446891,38.98475135,1.020962585,0.002388738,842.8116835,2089.000374,17606.33922,1.038117168,0.031053596,587.3061142,412.4129864,1.040463696,0.084402081,104.7565602,291.9298505,1.023279879,0.000796246,0,20.64255769,0,1.056640337,0.000398123,9209.032885,0
1407,100.4391058,35.97702912,36.13500635,1.024794771,0.013934306,996.9797439,1433.813291,14294.82808,1.037932742,0.043793532,910.1671928,572.6707077,1.035145981,0.064097807,0,0,0,0,0,0,0,0,0,9355.101627,0
1408,355.7925693,153.25256,545.2612208,1.035010808,0.044589778,704.4920251,3619.126071,25496.45455,1.028738892,0.020304274,548.3965748,182.9331139,1.040766122,0.10669697,0,0,1.030853439,0.000398123,0,0,0,0,0,8795.023366,2
1409,263.9888296,212.3063056,560.4649313,1.044826921,0.03423858,626.6412472,4921.701818,30841.41366,1.029403367,0.015924921,527.4050571,118.2689114,1.035893759,0.120631276,0,0,1.011950959,0.000398123,0,0,0,0,0,9420.392001,2
1410,423.1669911,329.1627845,1392.908251,1.043361421,0.047774763,585.5669805,5290.98243,30982.24606,1.042855046,0.013934306,156.0572124,67.87507665,1.03404106,0.154073609,0,0,1,0.000398123,0,134.176625,0,1.072190352,0.000398123,7883.876637,2
1411,161.308396,147.173791,237.4036815,1.040259215,0.021498643,199.8220826,54140.26819,108184.2114,1.074329719,0.001592492,203.4829747,90.11544152,1.038664579,0.115455676,76.59416862,98.81872154,1.02612383,0.001592492,0,20.64255769,0,1.009624609,0.000398123,11515.02769,2
1412,86.1965599,57.79916154,49.8208889,1.030341067,0.001990615,141.3969669,119695.8708,169246.3308,1.076097531,0.000796246,164.5241639,59.45954118,1.031830411,0.054940977,138.1539805,89.19025813,1.035762121,0.020304274,0,0,0,0,0,17093.86874,0
1413,35.25058227,44.72554167,15.76601386,1.04360438,0.001194369,0,245398.7259,0,1.105906528,0.000398123,156.9624639,40.07559052,1.030426309,0.050959747,107.7775487,92.70017778,1.029712372,0.002388738,0,0,0,0,0,20886.23294,0
1414,189.7269799,113.5340673,215.4047571,1.03184214,0.00398123,264.333932,32077.06019,84790.55445,1.048568379,0.002786861,180.585725,70.66794678,1.036203658,0.137750566,69.89549787,81.75990468,1.017265998,0.003583107,0,0,0,0,0,11629.69341,0
1415,276.8832037,226.0360067,625.855737,1.046523155,0.051755993,797.9274339,2462.304036,19647.39941,1.036534025,0.03025735,331.4953909,118.6411361,1.043869689,0.115057553,0,0,1.022061344,0.000796246,0,0,0,0,0,7697.823557,0
1416,309.7927238,133.3306185,413.0485548,1.036373715,0.048571009,634.8653175,5277.446091,33504.67488,1.039230061,0.016323044,185.7476509,121.5931481,1.047976092,0.058125961,30.53812682,36.24714007,1.009799071,0.001592492,56.56854249,154.8191827,87.57895516,1.06294935,0.000796246,12087.34588,0
1417,112.5331186,55.32205462,62.25563335,1.030807093,0.079624604,570.2359738,6189.952414,35297.33543,1.037412017,0.01313806,268.5541262,335.4415625,1.053282634,0.04220104,0,0,1.018941065,0.000398123,78.56742013,46.44575481,36.49123131,1.025553475,0.000796246,10971.48537,0
1418,113.9635136,44.31269051,50.50029907,1.028242882,0.029859227,199.9075645,59551.19863,119047.3508,1.056120654,0.001592492,176.5822195,71.37561295,1.034652874,0.051755993,60.60915267,109.4736939,1.050857171,0.000796246,0,10.32127885,0,1,0.000398123,16350.38782,0
1419,100.2639157,56.54265803,56.69188298,1.037923423,0.00915683,199.8762422,61158.73781,122241.7869,1.065919486,0.001592492,216.623412,86.96633102,1.038602498,0.021498643,24.63577658,22.37599933,1.007122258,0.001990615,46.48111259,18.57830192,8.635401434,1.021228604,0.001990615,25625.48702,0
1420,136.2518166,70.84150481,96.52283721,1.035583473,0.008758706,0,243045.4743,0,1.082319722,0.000398123,78.06524723,35.65532692,1.025205622,0.004379353,86.32959347,358.3220766,1.036180847,0.005573722,94.87917376,53.08086264,50.3626839,1.023184559,0.002786861,32752.84621,0
1421,47.14045208,15.48191827,7.298246263,1.004812305,0.000796246,0,249341.4544,0,1.029126766,0.000398123,68.01360408,36.12447596,1.045844841,0.001592492,115.1396667,237.6777213,1.033558833,0.003184984,0,10.32127885,0,1,0.000398123,62305.02146,0
1422,118.914584,262.1604827,311.7470473,1.05254215,0.001990615,330.9589721,18375.84607,60816.51127,1.049746719,0.005175599,156.6270062,78.57489703,1.039516842,0.012341814,165.0272705,225.4357689,1.035399336,0.006768091,319.5917766,230.5085609,736.6864049,1.026808473,0.010749322,22868.52015,0
1423,199.8250801,472.7145712,944.6022703,1.055324098,0.011943691,504.025318,8699.250179,43846.42338,1.03880366,0.010351199,131.8912174,42.27754604,1.031888454,0.020702397,145.0835113,221.9745522,1.026683037,0.006768091,98.68098349,668.5895075,659.7707015,1.080570648,0.003583107,19311.65426,0
1424,217.4471168,146.9750108,319.5929234,1.042253264,0.019906151,263.9266941,15414.09272,40681.90534,1.03931141,0.005573722,83.7868782,36.98458253,1.024177513,0.019109905,301.7070993,1040.596037,1.023574209,0.014332429,216.2323666,1384.083493,2992.836493,1.055217349,0.00398123,12515.05739,0
1425,224.5813872,83.3641753,187.2204213,1.03383532,0.031053596,141.384807,119809.4049,169392.2958,1.074065676,0.000796246,91.97109083,41.43469914,1.030234138,0.027470489,104.3065467,413.4055504,1.025046634,0.001990615,93.17493153,27.09335697,25.24421681,1.018147782,0.003184984,18818.81998,0
1426,194.6645998,79.77287482,155.2895475,1.039048766,0.042599163,359.4600519,17555.70137,63105.73327,1.035769167,0.005175599,66.35244912,20.38452572,1.014810199,0.015924921,163.8550134,580.888128,1.040737212,0.00915683,238.4633125,681.2044039,1624.422586,1.064798487,0.003184984,16463.68859,0
1427,86.47979504,47.59256357,41.15795143,1.038031637,0.014332429,223.3343123,44464.06927,99303.52334,1.039824377,0.001990615,140.1255285,65.85958883,1.031235987,0.008360583,276.2716513,964.0707108,1.033875025,0.02508175,194.3301638,171.7085481,333.6815027,1.047376268,0.008758706,18314.13917,0
1428,286.9193407,194.0400423,556.73841,1.043532001,0.011943691,299.7820376,24860.52032,74527.37437,1.028880504,0.003583107,140.0094921,81.83299657,1.040497746,0.027868612,206.8149857,369.0317017,1.026264154,0.023489258,198.7720782,535.6743721,1064.771082,1.059673159,0.00398123,16752.93152,0
1429,28.28427125,25.80319712,7.298246263,1.016189289,0.000796246,173.0466433,73336.12663,126905.7055,1.067209794,0.001194369,139.6471873,57.0208356,1.032067042,0.024285504,608.3209784,2373.117033,1.027871947,0.023489258,242.7989335,330.2809231,801.9185589,1.053966535,0.005573722,18696.05719,0
1430,0,0,0,0,0,223.5299959,45075.08898,100756.3446,1.032502315,0.001990615,157.6047831,66.36974246,1.032304967,0.031451719,337.4556374,745.2539382,1.035343067,0.027072365,266.4514583,615.8363045,1640.904814,1.060618934,0.003583107,17755.45659,0
1431,77.42672639,28.89958077,22.37599933,1.012629031,0.001990615,199.6497851,58921.60062,117636.849,1.048849732,0.001592492,146.2349724,40.04656192,1.02388518,0.009953076,99.61764917,134.5004915,1.027366454,0.03423858,85.89480728,341.8923618,293.6677853,1.097731811,0.003184984,20794.11286,0
1432,47.14045208,20.64255769,9.730995017,1.028173628,0.00398123,0,237936.4413,0,1.117448945,0.000398123,77.32676491,32.2539964,1.027906937,0.003184984,104.8681338,167.2024351,1.026789793,0.026674242,182.7749961,161.1707389,294.5798117,1.041448935,0.005175599,23900.60527,0
1433,28.57142857,18.06223798,5.160639423,1.018972389,0.001592492,0,242539.7316,0,1.090487532,0.000398123,121.3653617,56.37006139,1.034200875,0.005175599,99.43360499,150.2476795,1.027067838,0.019906151,132.4041699,46.44575481,61.49611609,1.016111373,0.002388738,28181.24381,0
1434,84.13750395,30.22660234,25.43190874,1.027261201,0.005573722,0,243313.8275,0,1.088491959,0.000398123,28.28427125,25.80319712,1.057346502,0.000796246,130.9226787,185.3969158,1.019396577,0.019906151,65.7774024,28.14894231,18.51564305,1.022419139,0.004379353,27538.7531,0
1435,316.9829047,83.44597564,264.5094775,1.038853469,0.065690299,366.7500034,14489.01124,53138.44923,1.045449154,0.005971845,37.94003646,21.93271755,1.027510266,0.006369968,145.6912048,231.5316129,1.028525784,0.029062981,484.2442768,172.8265203,836.9025332,1.029125826,0.018711782,11620.04322,0
1436,242.2730356,98.94830798,239.7250695,1.034403497,0.066486545,451.3581953,9178.565831,41428.20909,1.032788027,0.008360583,133.0462133,61.32053903,1.02826694,0.013536183,254.6940291,658.0984956,1.033235176,0.023091135,438.0425856,993.3198762,4351.164069,1.03980988,0.009953076,10943.54141,0
1437,233.678799,132.4111431,309.4167689,1.042561637,0.060514699,346.0834479,17907.4188,61974.61242,1.023682248,0.004777476,161.7744215,42.04033091,1.031898201,0.016323044,110.3520357,172.74441,1.032765678,0.035831072,152.9759793,25.06596291,38.34490225,1.013075725,0.005573722,12209.69081,0
1438,0,20.64255769,0,1.009624609,0.000398123,153.4950765,52.45471852,80.51541035,1.038293047,0.029062981,852.4883072,1863.590906,1.044964126,0.03423858,859.1018616,2334.984533,1.041068812,0.120631276,84.54186763,1176.625789,994.7414167,1.053276425,0.001592492,7070.32818,2
1439,0,0,0,0,0,219.8108343,53.32660737,117.2176606,1.035792479,0.057329715,1053.171444,604.9099256,1.045344179,0.079226481,935.6394324,7097.558679,1.047401237,0.057727838,239.9988268,1094.055558,2625.720503,1.04109313,0.004777476,5557.639206,2
1440,0,20.64255769,0,1.033132473,0.000796246,205.3137493,55.59657935,114.1474215,1.036135595,0.077235866,949.9307717,480.9024565,1.049094608,0.083207712,779.3606579,6847.725626,1.040452497,0.058922207,164.468522,3268.404968,5375.497345,1.068711489,0.001194369,4527.357296,2
1441,0,0,0,0,0,253.6197443,69.79150458,177.0050354,1.037813588,0.041802917,799.7735243,818.675054,1.046202843,0.056135346,1005.976228,5659.496469,1.048726045,0.079226481,133.5903976,2351.777109,3141.74839,1.039579142,0.002786861,5256.900413,2
1442,0,0,0,0,0,108.2644516,36.39608856,39.40402569,1.024744484,0.022693012,666.5382979,3605.364366,1.042436643,0.020304274,554.2303729,1108.958125,1.038689269,0.120631276,171.3368355,767.2150609,1314.522007,1.046432602,0.002388738,8461.204768,2
1443,0,0,0,0,0,169.544823,39.56490225,67.08024348,1.027311505,0.016721167,702.168358,3392.779624,1.031526991,0.02110052,1071.709707,3185.401372,1.037281151,0.092364541,77.26767248,148.6264154,114.8401719,1.052319929,0.001990615,9877.919927,2
1444,0,0,0,0,0,100.992435,40.44256201,40.84392816,1.036688274,0.019508028,684.1098953,1066.474325,1.044049316,0.04737664,852.3549371,5914.247373,1.040643785,0.070069652,53.03300859,82.57023077,43.78947758,1.030366931,0.000796246,6004.878621,2
1445,0,0,0,0,0,116.4162015,44.51051503,51.81745088,1.042739243,0.031849842,481.7093085,248.242717,1.045373239,0.115853799,960.0990393,17338.47256,1.028601851,0.038617933,14.14213562,103.2127885,14.59649253,1.057546148,0.000796246,7927.563147,1
1446,0,0,0,0,0,80.7624731,27.61639475,22.30368338,1.026480406,0.014730552,1042.364796,975.1697162,1.042683337,0.053746608,674.9145511,4112.083382,1.03563956,0.077235866,103.7089946,154.8191827,160.5614178,1.055640123,0.000796246,6833.545957,1
1447,0,0,0,0,0,119.0659023,40.21739689,47.88520646,1.029467074,0.011545568,953.9013062,826.9818051,1.041728312,0.048172886,1125.266147,11134.23522,1.036720258,0.060116576,108.2745251,107.3413,116.2232828,1.035479061,0.001990615,9248.463928,1
1448,0,0,0,0,0,167.3626793,69.3220221,116.0191935,1.039015898,0.053348485,778.6396033,1659.805656,1.048120125,0.03423858,998.663063,5455.561209,1.042117717,0.072060267,90.60937684,53.67065,48.63064151,1.023524033,0.001990615,6973.086011,1
1449,0,0,0,0,0,164.5598055,86.86109951,142.9384564,1.051880983,0.070865898,816.8739248,538.6756914,1.046944036,0.060514699,1067.866097,12331.09377,1.040762608,0.052950362,131.6358614,86.01065706,113.2208693,1.022389138,0.001194369,7046.11645,1
1450,0,0,0,0,0,154.4993635,66.2021421,102.2818881,1.045943676,0.039414179,477.6342193,404.6255662,1.052494211,0.078430235,870.7807803,16451.48483,1.036190438,0.033840457,175.1061478,480.5128707,841.4075778,1.032606997,0.003583107,7797.215484,1
1451,0,0,0,0,0,298.6233388,109.7843892,327.8418086,1.047561797,0.106298847,356.5066913,189.5330839,1.045827058,0.119436907,893.7135316,16163.33091,1.027669797,0.033442334,174.821636,1308.738158,2287.957459,1.04733311,0.00398123,5787.48219,1
1452,0,0,0,0,0,194.3459255,81.01042336,157.440457,1.046607934,0.12381626,682.2008227,363.5905048,1.044567314,0.096345771,1126.70158,10122.6579,1.033793752,0.059718453,81.21742577,1076.853426,874.5926322,1.073112521,0.001194369,4885.78006,1
1453,0,0,0,0,0,637.6383416,232.9660083,1485.480592,1.045723055,0.091966418,485.6740754,308.2239679,1.044010141,0.107493216,1122.125744,6514.292365,1.045122782,0.076041497,215.5788422,407.6905144,878.8944906,1.035343384,0.003184984,3626.389237,1
1454,0,0,0,0,0,325.3877394,95.52558599,310.8285448,1.041728285,0.15287924,735.3495021,748.7332588,1.041880697,0.065292176,1209.070915,5242.457952,1.039320464,0.082013343,209.9346621,216.7468558,455.0267793,1.039525531,0.004379353,3736.502163,1
1455,0,0,0,0,0,410.4223995,189.2117831,776.5675402,1.043335265,0.117446291,795.7932303,1926.638718,1.036649702,0.033442334,453.0752963,591.8681147,1.035004151,0.080022727,130.951221,726.6180308,951.5151833,1.060477237,0.00398123,5825.800553,1
1456,0,0,0,0,0,803.0174995,199.4587137,1601.688375,1.041961721,0.111474446,1010.89891,1047.65317,1.037245911,0.04737664,801.2799075,2254.168734,1.042803153,0.093160787,228.3641954,371.5660385,848.5237943,1.034171808,0.005175599,4855.74677,1
1457,20.20305089,36.12447596,7.298246263,1.028633675,0.000796246,418.1898222,149.5932187,625.5836155,1.04331492,0.094355156,928.1112559,1258.507934,1.038805052,0.041802917,415.9376528,1005.139587,1.044904358,0.071264021,221.0742589,2875.213393,6356.3567,1.047264405,0.005573722,5319.377642,1
1458,0,0,0,0,0,233.3764482,107.7305199,251.4176611,1.04458682,0.118242538,769.3455772,944.3970145,1.051098345,0.045386024,804.0559633,2832.135599,1.042435345,0.087985188,253.1179007,1464.275342,3706.343007,1.051558446,0.00915683,3527.166738,1
1459,0,0,0,0,0,343.9648914,142.500237,490.1507854,1.041867411,0.074050882,724.9053171,3215.735169,1.034489706,0.021896766,538.2686854,983.9772989,1.040510184,0.097938263,167.0551945,283.8351683,474.1613925,1.049362367,0.00398123,7787.775947,1
1460,0,0,0,0,0,749.358901,234.6815494,1758.60708,1.03630822,0.104706355,919.7212302,1105.504371,1.0404377,0.04737664,717.282067,2452.397313,1.040050473,0.056931592,295.6367324,360.4190573,1065.531124,1.035671245,0.009953076,5041.807574,1
1461,0,0,0,0,0,656.9154982,205.7470153,1351.584031,1.039531958,0.115057553,860.5647272,1930.330883,1.041267537,0.032646088,428.5201124,428.7054983,1.035730812,0.050561624,429.1821361,1036.256396,4447.427337,1.020085134,0.00796246,6741.39241,1
1462,0,0,0,0,0,607.2126936,288.6323824,1752.612464,1.046230576,0.113066938,991.9799062,1418.396877,1.033318054,0.04220104,300.0921039,290.2067557,1.035580776,0.073254636,104.4925272,46.22137918,48.29788723,1.037993983,0.00915683,6048.557379,1
1463,0,0,0,0,0,833.3505774,225.2485779,1877.110324,1.044823609,0.130982474,778.3076303,518.9198302,1.042454967,0.082013343,634.1215765,3813.559259,1.04278701,0.046182271,75.5604063,45.87235043,34.66133436,1.036475781,0.003583107,3064.97092,1
1464,0,0,0,0,0,789.598404,477.015104,3766.503648,1.046215153,0.071662144,929.1003215,400.2903522,1.043070111,0.084402081,868.6788561,6801.638346,1.030263959,0.040210425,173.1627159,57.19708694,99.04402917,1.020887889,0.009554953,4424.041883,1
1465,0,0,0,0,0,739.9125673,193.8874037,1434.597266,1.041338486,0.113066938,994.6255189,625.3679773,1.044223089,0.072856513,994.1721315,4945.363052,1.037149474,0.065292176,22.22222222,23.2228774,5.160639423,1.036414813,0.001592492,4283.667935,0
1466,0,0,0,0,0,632.1694389,145.1616517,917.667599,1.03842283,0.12381626,836.5588779,1211.963048,1.039933091,0.046978517,813.7174721,1785.69611,1.041794132,0.109483831,131.5133604,334.1514027,439.4537385,1.042001241,0.003184984,4319.928534,0
1467,0,20.64255769,0,1.009624609,0.000398123,681.5131824,238.9007436,1628.14006,1.043162081,0.111474446,1110.048543,663.5940863,1.040999551,0.070467775,923.5879965,2788.405603,1.04041282,0.080818973,130.6999773,501.9894712,656.1001248,1.045481561,0.004379353,4208.740598,0
1468,0,0,0,0,0,1011.971271,308.2201744,3119.099615,1.038637228,0.104308232,625.8075428,739.2384209,1.04482115,0.066486545,910.2188499,2137.630701,1.034164213,0.079226481,109.3314737,33.91277335,37.07733488,1.020111713,0.002786861,3328.600683,0
1469,0,0,0,0,0,438.7836515,188.1790304,825.698821,1.0472698,0.133769335,777.2276372,899.9100425,1.043268982,0.054542854,820.2476567,1613.444998,1.042612866,0.130584351,51.9025775,24.08298398,12.49968942,1.009188758,0.002388738,3108.910499,0
1470,0,0,0,0,0,358.7526322,172.9870478,620.5955873,1.049381406,0.136158073,960.0433186,858.1187687,1.040390522,0.053746608,586.8969247,1759.086557,1.048682679,0.100327002,156.4432987,213.3064295,333.7036147,1.030873034,0.001194369,3707.689038,0
1471,0,0,0,0,0,508.8088166,264.246544,1344.509713,1.044093204,0.113066938,871.8480217,1805.076989,1.037793871,0.032247965,238.9899687,197.4858988,1.040872187,0.129788105,195.3874792,745.7123967,1457.028654,1.024971384,0.001592492,5440.486706,0
1472,0,0,0,0,0,390.7978485,275.2095281,1075.512915,1.046391861,0.111474446,966.252233,675.0000396,1.037190687,0.070865898,683.9063733,1031.994862,1.04246747,0.139343058,126.2589661,192.6638718,243.2554127,1.0368397,0.002388738,3186.906761,0
1473,0,0,0,0,0,1041.575046,314.4933223,3275.683966,1.042349588,0.114261307,646.5683122,617.2249103,1.043333138,0.066088422,479.844052,457.9129188,1.034505608,0.145713026,171.6105779,7844.171923,13461.42877,1.053996201,0.001194369,2778.552263,0
1474,108.2531755,27.52341026,29.7949656,1.017840182,0.001194369,835.9542095,344.4235751,2879.223374,1.043817534,0.115057553,1098.102132,760.7389644,1.03919271,0.060912822,361.2675854,483.2517555,1.038973288,0.089975803,140.8296351,2466.785644,3473.965221,1.036242821,0.000796246,4415.982136,0
1475,98.48387723,41.28511539,40.65918235,1.026556385,0.021896766,935.4922331,1745.530191,16329.29936,1.029003412,0.036627318,837.808964,244.465191,1.046392672,0.140537427,286.1538431,137.8287683,1.022551861,0.016721167,0,0,0,0,0,6922.793866,0
1476,109.7302633,51.91916026,56.97103128,1.030776279,0.01313806,661.5814726,2616.523582,17310.43524,1.034594806,0.025877996,558.2774903,180.4068249,1.043932732,0.16203607,133.9164015,83.21926724,1.038165282,0.03821981,0,0,0,0,0,5765.415955,0
1477,75,20.64255769,15.48191827,1.01932526,0.003583107,1063.045572,1315.839198,13987.97032,1.034684338,0.049765378,541.6190952,292.0746977,1.042331543,0.117446291,113.0345815,56.66641254,1.034060949,0.002786861,0,0,0,0,0,7595.358959,0
1478,45.96175424,25.33404808,11.64397292,1.012718525,0.004379353,1111.938556,740.8384594,8237.668469,1.036064329,0.075245251,599.2672978,559.4447489,1.044122305,0.078430235,0,0,1.10907168,0.000398123,0,0,0,0,0,6140.225095,0
1479,113.35476,49.43349342,56.03521783,1.026441527,0.03025735,832.6010424,2066.061993,17202.05369,1.036638518,0.031849842,752.4915221,302.8868522,1.041485858,0.105900724,270.1105364,192.6175896,1.031324137,0.008758706,0,0,0,0,0,7509.009833,0
1480,251.0587142,90.19061422,226.4313964,1.034605005,0.042599163,882.6398667,1626.549291,14356.57249,1.032323311,0.039016056,950.6747705,300.3756793,1.041307264,0.108687585,23.57022604,14.59649253,1.029223145,0.000796246,0,0,0,0,0,6833.780858,1
1481,198.7819247,121.3336701,241.1894047,1.041341309,0.070069652,545.9068554,6441.510128,35164.64538,1.021395531,0.011943691,252.3573046,109.4615145,1.041031044,0.132176843,102.7657849,60.98877353,1.0096771,0.001592492,0,0,0,0,0,8273.33822,2
1482,157.9721855,220.2743815,347.9722545,1.049042729,0.031451719,536.1706842,6854.040966,36749.35835,1.025611991,0.011545568,277.9224783,103.9970802,1.03824423,0.130982474,90.78727977,40.78883614,1.016763002,0.006768091,0,30.96383654,0,1.022753969,0.000398123,9278.180761,2
1483,139.1029683,319.9596442,445.0733626,1.0529252,0.003583107,373.5080354,15356.58846,57358.09184,1.034601496,0.005573722,249.6554144,90.26592114,1.038506366,0.090772049,159.5508657,137.1936586,1.040208745,0.058922207,0,0,0,0,0,10742.82948,2
1484,0,0,0,0,0,199.8800886,57378.56943,114688.3354,1.058357277,0.001592492,109.7574308,35.61235144,1.026872946,0.052154116,134.9753748,73.54058135,1.038398919,0.124214383,0,0,0,0,0,10848.66073,1
1485,0,0,0,0,0,791.473949,2458.312953,19456.90661,1.031015615,0.026674242,134.6714505,42.20579284,1.028066209,0.084800204,465.4056706,1069.759071,1.052636116,0.134167458,0,20.64255769,0,1.009624609,0.000398123,6452.908295,0
1486,0,0,0,0,0,264.1030855,33743.20949,89116.85741,1.064541849,0.002786861,86.8223535,34.2578617,1.029752007,0.056135346,290.0201655,208.6873444,1.03434184,0.056135346,0,0,0,0,0,13870.67305,0
1487,0,0,0,0,0,173.1688607,74034.53317,128204.7576,1.077841484,0.001194369,222.6548247,72.88368298,1.041309152,0.14889801,178.673253,188.7527913,1.019294722,0.006768091,0,20.64255769,0,1.009624609,0.000398123,11171.15375,0
1488,320.0116982,279.2354679,893.5861629,1.045833583,0.036627318,516.4766347,7491.719364,38692.98005,1.037275099,0.010749322,219.2697372,71.16423154,1.037898844,0.125010629,106.7750475,141.4303967,1.019803591,0.002388738,101.0152545,36.12447596,36.49123131,1.036772894,0.000796246,9580.686892,0
1489,112.4701687,90.5546163,101.8469297,1.033078348,0.02110052,141.3227403,118410.8716,167341.4886,1.070545627,0.000796246,333.569134,59.84447918,1.02921833,0.043395409,149.0505014,238.045887,1.016425045,0.007564337,0,0,0,0,0,17495.34593,0
1490,140.5601071,58.1862095,81.78659836,1.035599867,0.031849842,141.3974604,122167.8171,172742.1908,1.060069885,0.000796246,60.68449401,21.3797919,1.022063856,0.016721167,51.45585425,65.85518729,1.017622904,0.00398123,0,10.32127885,0,1,0.000398123,21022.99829,0
1491,156.9580726,36.39608856,57.12659911,1.025444758,0.015128675,0,247194.6284,0,1.070997912,0.000398123,50.94116138,20.24558543,1.013085383,0.010351199,48.05246487,58.64031808,1.014070546,0.006768091,0,0,0,0,0,27292.71553,0
1492,347.3612899,204.494499,710.3347294,1.036717703,0.061709068,1132.378586,1089.940111,12342.24842,1.036132577,0.062903437,463.0372513,356.438668,1.042887843,0.052154116,32.8497153,45.77189467,1.01192921,0.001592492,0,20.64255769,0,1.009624609,0.000398123,7382.743663,0
1493,512.4683542,409.3692767,2097.887995,1.03607822,0.033044211,790.809834,2915.761274,23058.12689,1.03882109,0.026276119,160.434475,76.79954771,1.041957752,0.124612506,86.55986087,136.2447903,1.017438005,0.001592492,115.4700538,30.96383654,35.75395872,1.013827447,0.001194369,8693.148941,0
1494,199.3037788,69.07317382,137.6654455,1.037241952,0.015526798,223.3473755,48926.99024,109277.1486,1.038351858,0.001990615,134.4980428,58.65507247,1.038780639,0.016323044,95.53151378,150.7182728,1.016798632,0.002786861,62.98366573,113.5340673,71.50791745,1.056022802,0.001194369,25068.5816,0
1495,196.4310653,195.742148,384.4983864,1.044424179,0.022693012,466.8318972,10221.81925,47718.71273,1.037694732,0.008758706,332.0313692,134.9214596,1.0478851,0.038617933,96.94569322,158.2772861,1.018830704,0.004379353,96.80220383,36.86171017,35.68294781,1.019059406,0.002786861,16067.23489,0
1496,186.5954531,69.66863221,129.9985,1.02827728,0.011147445,223.2788214,47496.461,106049.5383,1.062607565,0.001990615,152.5675146,80.0472515,1.040595858,0.017915536,121.8443633,184.9704777,1.017758793,0.009554953,206.3761417,250.0043098,515.9492487,1.071706714,0.007166214,21644.25103,0
1497,268.2881646,116.0361955,311.3113793,1.029677839,0.01313806,223.3802477,48379.96247,108071.28,1.026869797,0.001990615,86.18916074,51.60639423,1.038639414,0.003184984,126.6244361,198.4894035,1.017287615,0.012739937,0,20.64255769,0,1.009624609,0.000398123,27181.17804,0
1498,276.4172021,144.1270795,398.3920405,1.043034265,0.066486545,343.9501202,18217.05716,62657.59002,1.045516452,0.004777476,96.22074968,36.37284898,1.028685338,0.074449005,80.0626917,280.9587845,1.044215543,0.001194369,124.9338449,130.0481135,162.4741084,1.061089437,0.001990615,11228.83596,0
1499,553.7108654,342.7996355,1898.118828,1.040066696,0.061709068,835.2896071,2431.219075,20307.72026,1.03963119,0.029461104,141.7425237,46.60656794,1.032223382,0.140537427,0,0,1.053604351,0.000398123,117.9986349,262.1604827,309.3457909,1.081961676,0.001990615,7268.491788,0
1500,355.0716686,172.9443553,614.0764081,1.043083677,0.048969132,315.8052053,21453.81021,67752.24938,1.035192164,0.00398123,110.731647,48.19071922,1.032411744,0.0553391,190.6857622,610.8464201,1.02608885,0.010749322,0,20.64255769,0,1.009624609,0.000398123,12372.22794,0
1501,402.9791226,134.645774,542.5943589,1.035699163,0.035034826,410.7226924,12727.95822,52276.61269,1.042677052,0.006768091,133.6076466,58.45904658,1.037781628,0.048571009,224.386963,739.1773656,1.030219084,0.019109905,0,10.32127885,0,1,0.000398123,12976.92874,0
1502,95.83148475,48.16596795,46.15816223,1.036071356,0.003583107,223.4290525,45444.59076,101536.4185,1.04418054,0.001990615,80.46874015,45.0876918,1.025432781,0.007564337,307.279882,813.0288251,1.025509836,0.033840457,81.5082733,58.4872468,47.67194496,1.029759283,0.001194369,20636.70102,0
1503,35.35533906,41.28511539,14.59649253,1.033719515,0.000796246,141.3968804,119272.6984,168647.8746,1.063343933,0.000796246,163.4778801,85.56673108,1.039374729,0.012341814,148.1496165,212.5218361,1.020402398,0.027470489,0,0,0,0,0,23378.00935,0
1504,0,0,0,0,0,141.3967826,118797.9195,167976.436,1.088479401,0.000796246,55.7527365,25.33404808,1.02491107,0.004379353,116.5598457,112.2843559,1.026722639,0.03821981,115.6638067,579.4660838,670.2325312,1.111853866,0.002786861,22048.41163,0
1505,0,0,0,0,0,141.3718931,118039.3055,166874.4008,1.050527035,0.000796246,61.77642374,26.27234615,1.02929362,0.004379353,274.8441772,654.4073551,1.023941973,0.023091135,72.71269786,250.291012,181.9933473,1.122165247,0.001592492,27237.80907,0
1506,0,0,0,0,0,0,240712.8653,0,1.099848314,0.000398123,0,10.32127885,1,0.000398123,119.0899394,162.8637626,1.022358216,0.03025735,0,30.96383654,0,1.040403318,0.000796246,26898.18176,0
1507,297.4802881,149.0207114,443.3072418,1.040954927,0.035432949,423.1244038,12430.26016,52595.46418,1.029000611,0.007166214,98.86889715,43.00532853,1.034733247,0.007166214,193.8991158,355.0108834,1.02749849,0.018313659,292.6563664,165.8285468,485.3077995,1.046798806,0.011943691,15736.63432,0
1508,491.9463528,137.4467332,676.1641907,1.032570629,0.040210425,661.3529707,3736.699915,24712.77589,1.037858717,0.020702397,63.88298193,25.59677154,1.023210112,0.009953076,211.1813354,314.8691661,1.0312381,0.033044211,529.4401952,936.6560553,4959.033648,1.035903725,0.012739937,10550.85268,0
1509,194.5298131,70.15856634,136.479328,1.034496583,0.062903437,173.1586684,77034.58488,133392.0614,1.062193247,0.001194369,51.06277908,19.35239784,1.012418711,0.006369968,203.6580833,365.1272466,1.026044168,0.010749322,211.5815904,142.2042863,300.8780906,1.033125682,0.010749322,15198.35365,0
1510,159.7379301,71.40639855,114.063103,1.033953795,0.058524084,223.4316674,46119.6024,103045.7966,1.049024088,0.001990615,96.48498389,37.50549215,1.030492327,0.028266735,107.8785764,145.1189812,1.030708117,0.011943691,133.7229568,105.7931082,141.4696723,1.047003484,0.012739937,13647.0132,0
1511,0,20.64255769,0,1.033132473,0.000796246,138.0852063,43.96596703,60.71049627,1.035840953,0.061310945,627.4670983,247.3109245,1.04676659,0.113066938,827.8266818,16915.38461,1.04051016,0.031053596,259.6931743,1638.789719,4255.825042,1.037368346,0.003583107,6627.911574,2
1512,0,0,0,0,0,147.0408178,43.37928791,63.78525971,1.03558975,0.054940977,950.8674064,656.1698126,1.043429928,0.074847128,701.2771891,6337.098825,1.037444819,0.053348485,108.9724736,247.7106923,269.9364688,1.056326518,0.001194369,5238.072753,2
1513,0,0,0,0,0,252.2132445,71.40294546,180.0876854,1.037934315,0.048571009,789.9134911,1262.001804,1.045958798,0.041006671,651.5411606,2808.330884,1.042993508,0.080022727,172.2712778,8614.827411,14840.87326,1.052143868,0.001194369,5390.293796,2
1514,0,20.64255769,0,1.056640337,0.000398123,218.991771,44.51051503,97.47436515,1.025535298,0.012739937,933.4789876,1228.021544,1.038688544,0.039016056,915.1488756,6261.652884,1.045052813,0.068079037,334.8838954,952.733432,3190.55083,1.040637437,0.005175599,7895.381547,2
1515,0,0,0,0,0,77.6119403,43.22035517,33.54415625,1.042657202,0.006369968,810.0376227,2366.816686,1.040990077,0.027868612,652.7765389,2640.109589,1.043154711,0.081615219,63.07041216,379.8230616,239.5559704,1.066927823,0.001990615,9566.490728,2
1516,0,0,0,0,0,100.9955878,51.4523453,51.96459859,1.041609899,0.026674242,739.2834561,1932.536592,1.049737978,0.02508175,966.0209215,9598.653167,1.035698906,0.050163501,97.80603414,196.1042981,191.8018367,1.039873643,0.001592492,9684.126911,2
1517,0,0,0,0,0,94.45050787,36.69788034,34.66133436,1.039252398,0.003583107,590.9160351,425.5703056,1.040725754,0.039414179,674.5143752,25953.2002,1.036129689,0.019109905,138.9863382,4805.587431,6679.109999,1.039512918,0.001990615,14341.3953,2
1518,0,0,0,0,0,247.8848773,73.04289645,181.0622943,1.021097508,0.005175599,580.3467173,457.2682435,1.044414432,0.057727838,800.6538787,21574.52107,1.039889598,0.027072365,132.9782902,345.7628414,459.7895146,1.037606895,0.000796246,11955.89852,2
1519,0,0,0,0,0,111.1918898,51.60639423,57.38212502,1.03894224,0.004777476,389.7610939,107.1635172,1.041008444,0.083207712,345.6909709,65615.02174,1.034038516,0.004777476,79.9353386,98.05214904,78.37831734,1.043045415,0.001592492,14765.75753,2
1520,0,0,0,0,0,105.9368052,25.06596291,26.5540803,1.023614744,0.002786861,346.2410665,125.853013,1.043028205,0.049367255,264.2419868,86619.53168,1.03282339,0.002786861,0,5934.735337,0,1.054347042,0.000398123,19438.90332,2
1521,0,0,0,0,0,185.2015851,88.31879114,163.5678012,1.042764261,0.031451719,634.3560221,153.1084735,1.043724737,0.072060267,589.5465511,36465.78269,1.019368585,0.013934306,0,0,0,0,0,12578.13138,1
1522,0,0,0,0,0,242.5863663,69.60862478,168.8610335,1.03679746,0.06847716,540.0818209,302.1361143,1.044014405,0.090373926,927.7948775,17003.11586,1.031322726,0.037025441,101.1050059,30.96383654,31.30598877,1.030554944,0.002388738,7426.585058,1
1523,0,0,0,0,0,247.0950829,79.55256874,196.5704857,1.043275462,0.093957033,436.5335876,240.740478,1.050601231,0.122621891,910.5164729,16462.16814,1.030355734,0.034636703,162.0626669,319.9596442,518.5351326,1.041835899,0.001194369,6139.435883,1
1524,0,0,0,0,0,192.0416866,63.34005861,121.6393168,1.040295321,0.113465061,639.1147078,268.0551625,1.043733224,0.110280077,957.131173,15623.80853,1.032464749,0.038617933,137.4248943,53.67065,73.75683404,1.02925377,0.00398123,6047.896157,1
1525,0,0,0,0,0,389.088467,116.3395156,452.6636377,1.046173934,0.118640661,574.3115602,262.5475307,1.044851811,0.11465943,829.2181185,5731.649578,1.041880981,0.078430235,181.9822825,675.3065302,1228.938238,1.073314052,0.002786861,3021.412509,1
1526,0,0,0,0,0,483.7521681,152.1575349,736.0653739,1.047438877,0.138944935,761.8649989,783.8292714,1.044561278,0.062903437,1162.434926,2737.578369,1.040602366,0.124214383,79.81259716,68.49575962,54.6682447,1.038615699,0.004379353,3138.279895,1
1527,0,0,0,0,0,246.7418213,148.4625856,366.3192875,1.052801142,0.125408752,755.739125,1094.743643,1.034733442,0.047774763,634.1639869,1296.924003,1.04029036,0.122223768,294.4544098,854.9459311,2517.425996,1.043833267,0.004777476,3430.334664,1
1528,0,0,0,0,0,697.7951501,169.9041287,1185.58277,1.048446233,0.098336386,700.0045731,924.0720346,1.043269028,0.051755993,1066.432275,2982.540763,1.041354316,0.10271574,291.3657193,1880.766368,5479.908455,1.030931707,0.003583107,3601.880434,1
1529,0,0,0,0,0,235.9972579,88.09091481,207.8921434,1.043042926,0.05135787,882.9279525,1486.375135,1.038849698,0.037025441,729.7314863,3832.78556,1.044756667,0.074847128,165.6793677,946.1172276,1567.521041,1.042073322,0.001194369,6739.048036,1
1530,0,0,0,0,0,157.1364995,79.01810234,124.16628,1.042818832,0.061310945,764.3748083,2555.68182,1.035753357,0.024683627,650.6285015,1786.57988,1.042070359,0.087587065,359.0922343,1060.375595,3807.726417,1.04495754,0.007564337,7352.982422,1
1531,0,0,0,0,0,509.5107449,225.9287727,1151.131373,1.045545431,0.061310945,813.2318927,2195.088881,1.032444193,0.028266735,524.1213605,1252.171998,1.039211864,0.078430235,254.0329081,1122.439075,2851.364622,1.054208873,0.004777476,7309.85775,1
1532,0,0,0,0,0,475.8861725,173.0567822,823.5532972,1.039774588,0.041006671,682.0190421,3196.586069,1.033256322,0.019109905,342.7634982,598.7931199,1.042003388,0.101919494,260.3584571,3910.617874,10181.62436,1.046041781,0.003583107,7575.527709,1
1533,0,0,0,0,0,499.8654333,247.7106923,1238.220125,1.045068919,0.054542854,681.8798374,3034.26124,1.044167169,0.02110052,541.8835079,1104.021234,1.041076081,0.07643962,326.2398983,1081.799039,3529.260085,1.027762265,0.006369968,7653.168314,1
1534,0,0,0,0,0,739.3963349,223.0628622,1649.318628,1.039067843,0.053348485,650.6547308,3853.121053,1.035254538,0.017517413,407.4683744,602.2846156,1.040339023,0.107891339,262.6681739,1670.572705,4388.062816,1.010943688,0.002786861,7865.504115,1
1535,0,0,0,0,0,301.4968052,94.10577772,283.7259133,1.038359065,0.087985188,629.0354133,1685.601624,1.039568715,0.033044211,553.717165,1793.033623,1.043595717,0.082013343,274.1768324,2971.238148,8146.446637,1.033158972,0.003184984,4521.244127,1
1536,0,0,0,0,0,247.7637876,118.1302618,292.684011,1.046516823,0.050959747,980.72022,589.3867845,1.041462592,0.068875283,878.0751891,8429.897303,1.037941223,0.050163501,220.6948729,525.1466677,1158.971771,1.04400805,0.009953076,5712.640699,1
1537,0,0,0,0,0,347.9261725,213.0914029,741.4007619,1.045782327,0.03821981,1017.416355,983.4940187,1.033401687,0.049765378,675.7848916,3701.7132,1.042799276,0.078032112,143.1712363,52.89655409,75.73265042,1.034893247,0.003184984,5982.558025,1
1538,0,30.96383654,0,1.058052667,0.000398123,294.5662805,122.8300536,361.8159201,1.04481601,0.060116576,1067.527117,944.1905889,1.037742376,0.059718453,774.5229257,2762.812284,1.044446175,0.101521371,0,10.32127885,0,1,0.000398123,5549.13749,0
1539,0,20.64255769,0,1.009624609,0.000796246,176.8885927,55.84888308,98.79030333,1.032466897,0.064894053,825.4162806,1030.778179,1.042012512,0.051755993,1033.736065,4503.122102,1.039174674,0.098734509,0,0,0,0,0,5157.67002,0
1540,0,30.96383654,0,1.022753969,0.000398123,257.5430026,89.46363964,230.4073438,1.041313275,0.109085708,521.5971439,380.4988045,1.045610937,0.088781434,1127.20318,11083.97866,1.034954268,0.057329715,77.57911135,37.15660385,28.82576307,1.018980713,0.001990615,5356.248457,0
1541,0,0,0,0,0,379.4447567,107.8181692,409.1103898,1.044159345,0.125806875,426.9354361,262.2951081,1.046423612,0.109881954,1088.260019,11665.71619,1.037343596,0.053746608,0,0,0,0,0,5078.516149,0
1542,0,0,0,0,0,296.5419714,106.6032086,316.1232563,1.04384587,0.13695432,775.3040822,482.151169,1.043398957,0.086392696,898.5220459,4570.828845,1.042019804,0.085994573,0,0,0,0,0,3124.05188,0
1543,0,0,0,0,0,388.7090721,168.8853503,656.4726782,1.045052382,0.134963704,875.5796373,492.0280875,1.039874552,0.087188942,941.1620306,2967.754978,1.040859906,0.104706355,0,3240.881558,0,1.030160589,0.000398123,2818.472833,0
1544,0,0,0,0,0,424.743762,142.4826673,605.1862415,1.042607849,0.150888625,1054.558646,518.1560934,1.051355394,0.088383311,633.7362119,1595.514687,1.045085515,0.129788105,98.97433186,24.08298398,23.83597248,1.01489502,0.001194369,2857.309358,0
1545,0,20.64255769,0,1.009624609,0.000398123,572.1402108,117.0001684,669.4050102,1.039323147,0.160045455,826.5282039,351.0984177,1.047703111,0.117446291,1129.084555,4750.181481,1.049326836,0.095151402,0,0,0,0,0,2931.307631,0
1546,0,0,0,0,0,514.3040197,177.3901899,912.324877,1.037955441,0.151286748,539.4302503,245.9904792,1.045903487,0.138546812,1104.707378,4654.264136,1.039330926,0.092762664,0,0,0,0,0,2491.81922,0
1547,0,0,0,0,0,456.2049449,184.4503984,841.4718386,1.046986261,0.157258594,725.3091371,491.2330396,1.04988003,0.082411466,600.7950186,1506.795623,1.043752696,0.121029399,110.4531922,56.02979945,61.88670207,1.033195556,0.002786861,1985.550549,0
1548,0,20.64255769,0,1.009624609,0.000398123,1036.803896,698.9570035,7246.813445,1.041569432,0.069671529,689.2917028,767.6872763,1.044602831,0.060912822,551.5298601,609.5942045,1.037062018,0.041006671,0,0,0,0,0,5588.931859,0
1549,186.082509,77.04097425,143.3597778,1.035310441,0.011147445,841.0827296,1633.314632,13737.52729,1.035147348,0.037025441,542.943198,395.8142831,1.044687913,0.091170172,310.3055828,257.8624719,1.030674461,0.031053596,0,0,0,0,0,6592.549607,0
1550,0,0,0,0,0,924.042679,842.4327678,7784.438317,1.041307943,0.049367255,431.7001773,312.4940552,1.061249514,0.100725125,472.187027,2787.985771,1.038126173,0.038617933,129.3316578,5191.60326,6714.386562,1.086307057,0.000796246,4297.188675,0
1551,101.9909667,39.90894487,40.70351869,1.017057722,0.005971845,1070.835727,1225.36085,13121.60176,1.040215721,0.052950362,326.016741,135.9268668,1.047903337,0.159647332,474.62808,1745.594602,1.039936352,0.035831072,0,0,0,0,0,6029.918712,0
1552,198.5554868,150.0455912,297.923754,1.044036422,0.031849842,662.8517259,3987.683423,26432.42839,1.028001199,0.017915536,285.3386669,122.4757693,1.046484171,0.160841701,329.9466995,554.3661617,1.04130705,0.024285504,0,0,0,0,0,7305.429306,0
1553,142.8609866,95.29180703,136.1348157,1.042875967,0.03423858,597.2339016,5244.929867,31324.49928,1.020568423,0.014332429,387.0333105,124.3615669,1.041515455,0.146111149,215.8942509,182.0980238,1.043746965,0.037025441,74.48469518,28.38351683,21.14137599,1.030814369,0.009554953,7641.301263,1
1554,283.4972077,163.896934,464.6432313,1.040642515,0.033044211,410.7378871,11836.0783,48615.25793,1.033267921,0.006768091,336.5368796,86.50486194,1.043294204,0.144120534,213.9288721,147.621878,1.038601375,0.027868612,101.2394839,54.18671394,54.85834956,1.066542541,0.001592492,8661.231456,2
1555,66.93280212,51.60639423,34.54160573,1.032993608,0.002388738,467.3901365,8933.535991,41754.46606,1.032701573,0.008758706,220.975353,67.22778924,1.039167978,0.117844414,213.7338228,187.6884464,1.040773229,0.098734509,381.8772826,702.9937703,2684.573507,1.067792655,0.007166214,8075.501665,2
1556,300.3906909,411.819026,1237.066018,1.026373265,0.00398123,899.4052498,1872.111962,16837.87327,1.039913713,0.03423858,560.5948317,135.6190398,1.044736903,0.128195613,681.9096275,1165.556567,1.042982876,0.098734509,0,0,0,0,0,6113.599407,1
1557,197.963245,233.9489872,463.1330067,1.046664767,0.002388738,1184.660574,511.8831712,6064.078115,1.041359094,0.094355156,498.1544919,97.46236168,1.042579237,0.139343058,795.847127,3440.904137,1.043800622,0.086790819,0,92.89150962,0,1.022435341,0.000398123,3742.618568,1
1558,0,0,0,0,0,491.9506602,98.69565176,485.5339104,1.040768691,0.162832316,226.6147373,87.96905355,1.046476945,0.181145975,737.8187196,20657.25511,1.039586469,0.024285504,0,0,0,0,0,5318.331694,0
1559,0,0,0,0,0,1422.838596,444.5386225,6325.067093,1.041014323,0.107891339,149.8083153,53.01675532,1.036008389,0.128195613,1160.25079,6603.850966,1.049240445,0.079226481,112.815215,30.96383654,34.93191875,1.030023412,0.004777476,4925.244536,0
1560,0,0,0,0,0,0,230763.1525,0,1.199038302,0.000398123,166.3978031,50.41371312,1.031616916,0.08957768,149.2796709,60.14606882,1.030324997,0.086790819,80.35173142,24.08298398,19.3510946,1.011012009,0.004777476,10804.61581,0
1561,130.3746244,76.62767629,99.90304515,1.035579105,0.01313806,173.1478369,78073.59362,135182.7385,1.067161125,0.001194369,204.4976369,61.47399049,1.033129915,0.07245839,303.9643296,243.3527767,1.029526815,0.014730552,119.0497354,46.44575481,55.29354822,1.016353295,0.002388738,14491.36819,0
1562,0,0,0,0,0,0,249692.3779,0,1.043121646,0.000398123,80.79785353,28.89958077,1.025579042,0.017915536,0,0,1.011217671,0.000796246,0,0,0,0,0,36035.43545,0
1563,82.49434538,39.92406763,32.93509824,1.025582164,0.036229195,0,244387.2405,0,1.110772759,0.000398123,77.58548177,27.46509795,1.026853596,0.023489258,105.0900151,254.8958872,1.013229702,0.002388738,57.28219619,27.52341026,15.76601386,1.007584656,0.001194369,19317.24561,0
1564,152.7195896,38.47022116,58.75156389,1.023956043,0.043793532,0,246224.4282,0,1.092301124,0.000398123,34.23265984,16.51404615,1.015177911,0.001990615,122.6937791,196.2852896,1.019616358,0.001592492,0,0,0,0,0,22473.41503,0
1565,166.2057521,65.65142859,109.1164506,1.036330638,0.101521371,1133.587742,482.7543606,5472.444257,1.042485097,0.105104478,905.3683949,1137.756292,1.037620697,0.037423564,0,0,0,0,70.71067812,20.64255769,14.59649253,1.011376984,0.000796246,5388.648294,0
1566,619.6719366,207.2298324,1284.145116,1.035577006,0.030655473,862.827043,2270.681346,19592.05272,1.040087616,0.032247965,697.7060489,227.8585028,1.045723212,0.088383311,115.3127982,386.8070519,1.032088948,0.000796246,0,41.28511539,0,1.062712868,0.000398123,9103.805493,0
1567,725.4753521,353.0589178,2561.355427,1.038257586,0.034636703,855.580302,2518.789011,21550.26263,1.03357188,0.031053596,474.0543131,187.1147972,1.042420991,0.049367255,60.45683389,88.60684139,1.016956159,0.001990615,47.14045208,30.96383654,14.59649253,1.022068996,0.000796246,11156.49645,0
1568,630.4812602,720.906501,4545.180393,1.040309883,0.064894053,470.3842491,207.1520012,974.4103855,1.04907516,0.13575995,508.8600384,203.0295432,1.043827247,0.123418137,0,0,1.022435341,0.000398123,0,0,0,0,0,2226.174199,0
1569,389.7487393,258.144772,1006.115995,1.041846692,0.072856513,586.4483379,4168.191122,24444.28755,1.046274542,0.017915536,275.5479437,86.96946438,1.033030621,0.048571009,96.97229605,303.5996927,1.028009548,0.005971845,79.01478577,37.96756147,29.99998736,1.032630361,0.011147445,8317.58511,0
1570,194.2407178,105.1859741,204.3139912,1.038755446,0.027072365,359.386891,17517.59204,62955.9294,1.046256487,0.005175599,210.5715171,81.92959967,1.03873662,0.057727838,162.2815631,435.4878487,1.019602098,0.006369968,64.90734136,17.69362088,11.4844589,1.014396904,0.002786861,14383.86178,0
1571,268.961945,185.4702532,498.8444005,1.040655789,0.039414179,315.602101,22604.6328,71340.69605,1.036312652,0.00398123,119.4822496,47.03795933,1.032230984,0.024285504,107.2231199,256.9077921,1.023230305,0.005573722,85.14431867,91.17129648,77.62717921,1.039950844,0.002388738,16364.39397,0
1572,497.8450454,522.7509681,2602.489795,1.044411463,0.056533469,619.6451975,4367.224193,27061.29498,1.024160323,0.015526798,141.4603243,43.36370627,1.028719332,0.057329715,0,0,1.065603544,0.000398123,0,0,0,0,0,9506.753673,0
1573,415.8930669,342.5422919,1424.609644,1.037766366,0.052950362,444.3703321,9907.911629,44027.81981,1.037448188,0.00796246,133.4355276,44.38149904,1.030642211,0.031849842,142.2730795,472.5707316,1.033494922,0.004379353,114.0175425,51.60639423,58.84034248,1.017589618,0.001990615,12512.55776,0
1574,462.195013,520.737729,2406.823814,1.039834546,0.04220104,981.4641081,1602.876497,15731.65752,1.041235033,0.045386024,174.5008155,63.85973513,1.035127851,0.080818973,70.71067812,58.3859701,1.010252789,0.000796246,75,41.28511539,30.96383654,1.037751275,0.001194369,8205.732954,0
1575,575.9967519,260.3061512,1499.354976,1.046249222,0.070467775,777.4197684,3010.910564,23407.41393,1.041704529,0.025479873,157.1586758,66.07125218,1.037641246,0.054542854,139.8528261,225.6355919,1.029102909,0.007564337,73.59800722,41.28511539,30.3850222,1.035048563,0.002786861,9366.18179,0
1576,170.4744569,72.5136001,123.6171659,1.036357289,0.015526798,173.1821346,77908.45316,134923.5222,1.040111333,0.001194369,82.79439428,53.90001175,1.020645461,0.003583107,211.1455372,540.7111201,1.023433754,0.02110052,160.5404097,94.61172276,151.8900473,1.040372175,0.002388738,22271.06132,0
1577,0,0,0,0,0,173.1376615,79546.09607,137724.2505,1.036545801,0.001194369,98.48283898,34.06022019,1.030052285,0.011943691,265.1614499,821.7812563,1.024304733,0.014730552,0,51.60639423,0,1.068122927,0.000398123,28298.91886,0
1578,0,0,0,0,0,141.3969206,119468.8026,168925.208,1.063215282,0.000796246,98.54310631,22.70681346,1.01663408,0.001990615,131.0074317,160.8173995,1.023721955,0.029859227,208.0147518,265.5383558,552.3589518,1.064903292,0.004379353,24761.86495,0
1579,0,0,0,0,0,0,237100.4177,0,1.124895079,0.000398123,23.57022604,61.92767308,1.0177965,0.000796246,150.2351668,179.385341,1.025383942,0.040608548,96.15752964,136.5584586,131.3112403,1.068534852,0.005175599,21816.46492,0
1580,92.68454851,28.53530034,26.44781429,1.026685848,0.006768091,0,238215.1158,0,1.110345269,0.000398123,0,20.64255769,1.009624609,0.000398123,212.437358,343.7011205,1.024687853,0.030655473,0,0,0,0,0,24300.80471,0
1581,147.1826104,70.18469616,103.2996679,1.04062613,0.00796246,0,235830.9004,0,1.118337632,0.000398123,56.65577237,30.96383654,1.018873443,0.007564337,199.8505299,397.9040005,1.025889626,0.024683627,159.6818846,67.43235513,107.6772555,1.029597064,0.005971845,21792.44729,0
1582,305.9931094,73.34363302,224.4264632,1.030463976,0.026276119,0,236316.0005,0,1.130914125,0.000398123,77.30926717,30.31875661,1.025860002,0.012739937,170.2328732,297.6895501,1.028621518,0.013934306,219.081312,91.60134976,200.6814388,1.03026325,0.012739937,18335.99924,0
1583,572.6026096,261.7851635,1498.988678,1.035594036,0.035034826,299.549129,24033.6712,71992.65275,1.036928862,0.003583107,143.2702838,45.31532903,1.030599782,0.041802917,128.7015717,213.8667343,1.025332751,0.00796246,322.5449364,187.847275,605.8918738,1.0377798,0.00796246,13907.3192,0
1584,0,10.32127885,0,1,0.000796246,207.8395456,48.24597786,100.2742212,1.033651626,0.03423858,743.811295,465.1600435,1.052132781,0.076041497,1020.476951,10550.29937,1.037811393,0.05932033,318.9435517,257.3868912,820.9188925,1.046306924,0.006369968,6517.715098,1
1585,60.60915267,36.12447596,21.89473879,1.062381632,0.000796246,72.74901018,31.60891647,22.99517386,1.032792621,0.012739937,875.5193802,1569.331796,1.03617178,0.033044211,899.8134704,4472.679878,1.043504112,0.092364541,0,4520.720135,0,1.064652634,0.000398123,7608.47606,2
1586,94.28090416,30.96383654,29.19298505,1.034061463,0.000796246,50,20.64255769,10.32127885,1.011126645,0.002786861,494.2104109,2682.058032,1.044957224,0.019508028,958.3120316,6772.119939,1.035598025,0.067282791,117.8511302,61.92767308,72.98246263,1.013437152,0.000796246,8455.12215,1
1587,89.98456002,52.89655409,47.59873146,1.051768555,0.003184984,70.04153892,28.01489973,19.6220669,1.02429977,0.008360583,517.3965689,5560.957596,1.034337658,0.011147445,661.1044614,2959.628192,1.044131615,0.084003958,0,0,0,0,0,9650.049438,1
1588,0,0,0,0,0,94.97591492,36.33090154,34.50560614,1.033678362,0.009953076,702.2034578,657.6544437,1.038893242,0.056533469,759.4417594,12318.6804,1.040657556,0.037821687,193.9882951,278.6745289,540.5959673,1.028638623,0.00398123,8002.404613,2
1589,56.77270908,37.8446891,21.48545525,1.040399274,0.001194369,115.6250491,42.52366885,49.16801298,1.037895735,0.009953076,965.8148442,1229.446451,1.027820356,0.040608548,638.87911,4823.647078,1.044063416,0.065690299,0,20.64255769,0,1.009624609,0.000398123,7831.203122,2
1590,0,0,0,0,0,0,10.32127885,0,1,0.000796246,728.5915852,2460.293227,1.050274504,0.024683627,645.256197,2959.328379,1.043976155,0.076837743,141.1324464,5052.265995,7130.386599,1.039278791,0.000796246,9140.666766,2
1591,0,0,0,0,0,0,0,0,0,0,778.2304972,1759.459485,1.048731328,0.032247965,656.1897503,6366.964501,1.046463645,0.044191655,101.0043219,159.9798221,161.5865346,1.049942697,0.002388738,9947.884138,2
1592,0,0,0,0,0,95.53031157,59.86341731,57.18770907,1.043729966,0.001990615,834.9730928,665.7224856,1.039988671,0.03821981,679.9743364,19426.39071,1.043188971,0.025877996,125.3246165,634.7586491,795.5088427,1.048884014,0.000796246,12782.60041,2
1593,0,0,0,0,0,0,0,0,0,0,485.9741403,187.7251954,1.04091201,0.074050882,507.7761223,42235.59835,1.037204729,0.010351199,0,0,0,0,0,14806.47468,2
1594,0,0,0,0,0,0,10.32127885,0,1,0.000398123,587.485248,363.2031561,1.044980218,0.077633989,810.1784173,21175.44605,1.036205989,0.027470489,0,0,0,0,0,10946.39932,2
1595,0,0,0,0,0,80.92171199,33.54415625,27.14450551,1.030410868,0.001592492,1046.379722,504.8957893,1.039258712,0.077633989,658.1882339,12679.16747,1.040267721,0.031053596,168.3937644,194.3840849,327.3306781,1.039972225,0.004777476,7887.210492,1
1596,0,0,0,0,0,56.96621729,46.44575481,26.4583896,1.042688707,0.003184984,726.8742152,3141.723557,1.035928834,0.022294889,618.527106,1859.62807,1.041987802,0.098336386,147.1285047,67.66171688,99.54967231,1.02690087,0.003583107,9683.273618,1
1597,0,0,0,0,0,134.4943906,48.16596795,64.78052509,1.03400644,0.035831072,869.8341448,1361.789531,1.046965665,0.039812302,790.0092187,4448.169993,1.039626596,0.075643374,184.0151942,175.4617404,322.8762623,1.030807066,0.008360583,6656.215895,1
1598,0,0,0,0,0,164.8076243,89.10704071,146.8551968,1.036495073,0.011943691,764.3665275,558.975441,1.041276207,0.065690299,702.1869177,11177.64228,1.043894146,0.036627318,170.7780413,1091.76194,1864.489658,1.071388442,0.003583107,7004.674789,1
1599,0,0,0,0,0,243.1398745,87.65147574,213.1156881,1.040185339,0.025877996,565.82528,258.7894962,1.044023071,0.086790819,746.6618472,20002.4066,1.032968751,0.026674242,166.1760454,1368.306681,2273.797932,1.042529537,0.002786861,8747.050117,1
1600,0,0,0,0,0,150.7295494,65.48673475,98.70786021,1.039643041,0.034636703,815.0902541,1131.298172,1.03652626,0.047774763,1119.34278,5500.947162,1.042379899,0.086790819,125.4458249,518.1281981,649.9701919,1.066881008,0.001990615,6248.296512,1
1601,0,0,0,0,0,134.9385157,65.51145046,88.40017884,1.042631405,0.028664858,833.9018375,1953.749277,1.042567471,0.029859227,722.3523619,3533.421929,1.040247569,0.078032112,160.9356592,312.020199,502.151764,1.031819402,0.005175599,7914.742497,1
1602,0,0,0,0,0,357.7951904,83.31410673,298.0938668,1.035122356,0.044191655,649.2512092,1770.645743,1.041472571,0.033840457,675.2871046,2182.92681,1.041923427,0.097142017,402.3396185,339.2074345,1364.765898,1.028704866,0.014730552,5124.637574,1
1603,0,10.32127885,0,1,0.000398123,147.73736,60.86908038,89.92637242,1.042347044,0.031053596,932.9529757,1495.855645,1.036739813,0.039414179,609.8704179,2467.499916,1.042879523,0.083605835,177.9725112,1909.436587,3398.272244,1.056355301,0.002786861,7222.153919,1
1604,0,0,0,0,0,90.76716583,29.67367668,26.93395532,1.029651287,0.009554953,564.3791266,5346.109677,1.041752183,0.01313806,738.2065062,2350.184383,1.038890907,0.082411466,245.3891945,581.6777864,1427.374435,1.026859493,0.005573722,10585.40949,1
1605,0,0,0,0,0,100.2063986,37.8446891,37.9228,1.032851352,0.003583107,703.946406,3255.172559,1.044351365,0.020702397,520.6538805,1617.137532,1.042762167,0.089975803,176.4474819,2843.512322,5017.305891,1.025115916,0.001592492,9796.458736,1
1606,0,0,0,0,0,136.9684328,45.19046414,61.89667049,1.033093187,0.014730552,550.698701,5544.857352,1.036276821,0.012341814,936.8295254,3358.612735,1.039331715,0.08559645,125.1035074,268.35325,335.7193281,1.046294297,0.000796246,10472.33885,1
1607,0,0,0,0,0,157.0427129,54.17361588,85.07571604,1.035100979,0.078430235,947.7476749,1377.587159,1.033585609,0.040608548,640.8878456,2493.02646,1.039148008,0.102317617,0,20.64255769,0,1.009624609,0.000398123,5834.772167,1
1608,0,0,0,0,0,282.5000114,94.97146315,268.2943942,1.041338269,0.104706355,1073.604277,825.4376596,1.041884585,0.062107191,511.1333136,1741.300241,1.047211375,0.113863184,0,0,0,0,0,4315.03231,1
1609,0,0,0,0,0,125.2392246,51.35154784,64.31228032,1.039854937,0.096743894,665.3927862,602.859258,1.039853771,0.068079037,957.2200316,8421.511659,1.046759872,0.061310945,66.14378278,41.28511539,27.30753704,1.025029387,0.001194369,4895.227005,1
1610,0,0,0,0,0,122.1530407,38.02576417,46.4496272,1.028176933,0.045386024,869.134539,639.4630994,1.041081299,0.072060267,1121.068214,9628.048096,1.036728532,0.058922207,139.9596368,1997.167457,2795.228319,1.037886559,0.000796246,6583.563962,1
1611,0,0,0,0,0,148.4968082,49.7751996,73.9145827,1.032953891,0.049367255,915.510968,239.3246533,1.041928336,0.127399367,835.613607,19278.93697,1.032588929,0.029062981,0,0,0,0,0,7442.029303,1
1612,0,0,0,0,0,93.51430788,32.0913712,30.01002367,1.028321891,0.04737664,1016.760893,362.7613557,1.044084206,0.09754014,979.5249135,15071.67754,1.038315719,0.041006671,0,0,0,0,0,7559.571563,0
1613,0,0,0,0,0,80.56050268,27.7384369,22.3462242,1.024852311,0.019109905,425.7189101,300.0723021,1.04962976,0.081615219,815.7006006,22264.17848,1.034486436,0.027470489,0,0,0,0,0,10348.55305,0
1614,68.88321972,48.16596795,33.17826953,1.024049866,0.001194369,116.8853504,36.34253115,42.47909489,1.029893961,0.028266735,787.6134869,495.8775738,1.046160856,0.072060267,968.9944897,14108.20271,1.042048794,0.043395409,0,0,0,0,0,8189.324328,0
1615,0,0,0,0,0,241.3925203,41.28511539,99.65918052,1.027619251,0.034636703,366.8071123,160.309964,1.04729033,0.118242538,526.9129726,37631.89448,1.029145292,0.011147445,0,0,0,0,0,9818.594204,0
1616,0,0,0,0,0,259.5969009,76.49321612,198.5740184,1.034148443,0.042599163,514.8057351,268.35325,1.050482628,0.081615219,797.7890058,22054.34344,1.040791651,0.027072365,0,0,0,0,0,9380.683338,0
1617,0,0,0,0,0,171.3698803,49.91438131,85.53821551,1.032506017,0.048571009,522.8240757,254.1202536,1.043407657,0.087188942,720.334174,25269.95671,1.040034544,0.021498643,0,0,0,0,0,9391.27292,0
1618,0,0,0,0,0,299.7831354,131.7521635,394.9707667,1.045727037,0.05932033,337.7419786,174.128092,1.040886757,0.070865898,711.3104947,27428.06211,1.030991373,0.020702397,43.30127019,13.76170513,5.95899312,1.003208203,0.001194369,10126.17644,0
1619,0,0,0,0,0,381.0578243,131.8288663,502.3442097,1.041309005,0.092762664,465.1822652,277.3578225,1.04880806,0.096743894,1055.953557,12917.24722,1.038714092,0.049765378,0,154.8191827,0,1.021056132,0.000398123,5947.141596,0
1620,0,0,0,0,0,715.3301712,129.7793938,928.3511598,1.038375767,0.134565581,763.6548878,337.3963502,1.044930844,0.105104478,865.6646663,3967.313332,1.040921926,0.10271574,0,0,0,0,0,2664.392238,0
1621,0,20.64255769,0,1.009624609,0.000398123,880.8565359,223.8446722,1971.750425,1.046711644,0.132574966,930.9429623,595.7701533,1.041677869,0.076041497,730.3530927,1699.440335,1.037399272,0.107493216,0,0,0,0,0,3160.688096,0
1622,57.73502692,20.64255769,11.91798624,1.010930938,0.002786861,1114.207072,747.4326098,8327.946998,1.040527702,0.066884668,723.9809172,333.7595763,1.047050264,0.107493216,655.7123684,1868.783358,1.042726136,0.049367255,0,10.32127885,0,1,0.000398123,4889.957066,0
1623,47.07511532,39.22085962,18.46326489,1.030393642,0.001990615,800.0315295,435.1647758,3481.455411,1.039965688,0.083605835,991.6006698,493.4344005,1.04444968,0.074449005,461.0434029,2248.068535,1.038751191,0.054144731,93.3882546,168.5808878,157.4347487,1.037130689,0.002388738,3758.438468,0
1624,102.7434482,59.86341731,61.50573915,1.039063457,0.00398123,1006.218212,574.1666709,5777.369608,1.039488671,0.067680914,589.677197,322.1169607,1.051979883,0.097142017,814.2458382,5244.686522,1.033594168,0.036229195,229.2838754,2626.765466,6022.74966,1.041113025,0.002388738,4209.43706,0
1625,154.3638877,96.20906353,148.5120508,1.041152745,0.011147445,989.8352552,1145.661952,11340.16591,1.042919873,0.048571009,756.7889391,228.7010534,1.039802108,0.133371212,372.4179389,801.7539671,1.045196135,0.053348485,265.7910795,361.2447596,960.1563464,1.063511695,0.003583107,5166.965917,0
1626,160.1655009,115.2542805,184.5975956,1.043567405,0.042997286,611.8418084,4896.903588,29961.30346,1.030058853,0.015128675,448.8087909,135.4534842,1.038514836,0.115853799,302.6827845,455.8507133,1.0416818,0.028266735,283.570989,97.65517678,276.9217506,1.04805649,0.010351199,8003.651517,0
1627,242.4967888,182.1487661,441.7049086,1.040401188,0.028266735,398.9656696,14102.0923,56262.50699,1.024536094,0.006369968,202.5351086,65.80561022,1.029293155,0.068875283,87.18794378,51.15170348,1.019659856,0.007564337,50.06882316,16.21915247,8.120738769,1.006000455,0.002786861,13306.54564,1
1628,552.2839494,331.4810718,1830.716755,1.034687138,0.01711929,391.0886336,11606.00645,45389.77204,1.034880705,0.007564337,189.1730236,70.83119384,1.034965885,0.07245839,214.5610583,128.6726725,1.025822662,0.023091135,70.71067812,20.64255769,14.59649253,1.011376984,0.000796246,11430.19039,2
1629,0,0,0,0,0,1299.412786,374.0255773,4860.136176,1.037158761,0.09355891,520.4805146,145.2944013,1.043204142,0.12381626,996.7007696,6259.254755,1.043357581,0.074449005,115.1918366,30.02553846,34.58696921,1.026026604,0.008758706,4155.69165,1
1630,0,0,0,0,0,201.0006331,88.14930042,177.1806519,1.040888872,0.029461104,779.0157723,287.88691,1.043288674,0.096345771,916.1459391,16777.57116,1.038849648,0.037821687,57.25767787,37.46241952,21.45011149,1.043241929,0.010749322,7985.892186,1
1631,0,0,0,0,0,212.2005857,53.72962874,114.0145869,1.029819068,0.069671529,364.5828348,106.0686763,1.043105433,0.164026685,525.8904178,37194.42192,1.032814239,0.011147445,43.30127019,13.76170513,5.95899312,1.003208203,0.001194369,7921.810095,1
1632,0,0,0,0,0,424.1215077,101.7383201,431.4940969,1.031889903,0.055737223,142.8981332,47.02410233,1.033203822,0.092364541,299.5222923,75221.92382,1.031106115,0.003583107,0,0,0,0,0,11562.91674,0
1633,0,0,0,0,0,773.9551399,169.5843455,1312.506758,1.044283697,0.143324288,174.3282514,58.3867964,1.035357104,0.109085708,663.8973653,25118.03781,1.041491047,0.018313659,109.9943882,46.44575481,51.08772384,1.02543848,0.000796246,6591.691813,0
1634,0,0,0,0,0,1174.016763,892.8492639,10482.20003,1.046068639,0.070069652,183.6732728,60.87037134,1.032561166,0.081615219,987.6079663,3721.998429,1.043405078,0.085994573,77.74602526,19.35239784,15.04572011,1.014045292,0.003184984,6073.073017,0
1635,0,0,0,0,0,1210.122025,891.7815567,10791.64503,1.046170957,0.071264021,114.2615837,45.75320147,1.031160591,0.091966418,1104.054592,4395.960679,1.042459445,0.080022727,99.3932443,158.259609,157.2993598,1.033659844,0.002388738,6328.154877,0
1636,0,0,0,0,0,1003.830105,1598.323753,16044.455,1.03946837,0.044589778,112.7855378,37.87625265,1.026138771,0.043395409,1051.978073,4740.023017,1.04340041,0.060116576,0,0,0,0,0,9300.585036,0
1637,62.55682041,40.38761288,25.26520646,1.031258555,0.00915683,756.9100312,3590.944932,27180.22241,1.045315382,0.023887381,79.54970844,26.54043132,1.018116019,0.02508175,792.1550733,1784.826896,1.040329351,0.058524084,0,0,0,0,0,12361.30675,0
1638,364.9101649,72.12308267,263.1844599,1.028350544,0.032646088,223.2417254,48988.91792,109363.7056,1.045293753,0.001990615,43.30127019,13.76170513,1.003208203,0.001194369,158.2309611,73.49156421,1.02184105,0.002388738,0,0,0,0,0,24961.05041,0
1639,325.5301407,122.2839404,398.0710832,1.038773394,0.115057553,1008.968509,1522.057213,15357.07797,1.030486465,0.043395409,390.6416591,520.1494485,1.039873647,0.03821981,0,0,0,0,0,0,0,0,0,7271.002025,0
1640,164.6663423,69.79150458,114.9231178,1.035887221,0.066884668,841.9709269,2453.353843,20656.52609,1.029672249,0.029062981,655.2243543,471.5534273,1.042639892,0.050959747,0,0,0,0,0,0,0,0,0,9359.098097,0
1641,184.6540506,83.04132649,153.3391731,1.035220933,0.095947648,1064.962181,1124.868719,11979.42644,1.028256785,0.054542854,803.0911354,662.9642128,1.044799292,0.046182271,0,0,1.007719642,0.000398123,43.30127019,13.76170513,5.95899312,1.003208203,0.001194369,6785.265726,0
1642,415.2223433,166.5075183,691.3764194,1.035646732,0.060116576,933.5240259,2170.32338,20260.49019,1.039317696,0.037423564,304.5876981,313.0296427,1.053376989,0.027868612,0,0,1.014655802,0.000398123,0,10.32127885,0,1,0.000398123,11047.16018,0
1643,670.3083802,194.712665,1305.175311,1.03448658,0.070865898,517.1296828,7634.30592,39479.26199,1.030236615,0.010749322,188.7560267,99.01976893,1.046782863,0.03821981,0,0,1.040879486,0.000398123,72.54202698,33.77873077,24.50377599,1.038219593,0.008758706,11432.31601,0
1644,671.4035623,255.6009261,1716.113723,1.040027169,0.096345771,697.020535,1577.941395,10998.57556,1.038107869,0.040608548,338.225099,122.5425519,1.041340401,0.090772049,47.61904762,51.60639423,1.012876783,0.001592492,0,0,0,0,0,4778.632289,0
1645,470.399484,246.1554311,1157.913878,1.036103671,0.029062981,488.1942117,9160.995083,44723.44773,1.028218024,0.009554953,131.4440285,60.68200149,1.037523752,0.023091135,230.5981266,546.2255063,1.023013916,0.015924921,89.05501585,58.4872468,52.0858269,1.034632674,0.002388738,15462.86402,0
1646,394.1105238,1407.134349,5545.664555,1.046294012,0.029859227,775.4894715,1918.037652,14874.18005,1.03812492,0.028664858,131.2133624,57.41211358,1.03255362,0.050959747,0,0,1.032097289,0.000398123,0,0,0,0,0,8128.496419,0
1647,447.6291439,381.3202141,1706.90041,1.042409114,0.036229195,435.7520588,8426.704902,36719.54009,1.046376244,0.009953076,160.3453354,51.1510437,1.035676318,0.027072365,86.50645841,113.636381,1.025022884,0.004379353,120.8155762,98.62555342,119.1550307,1.041317655,0.003583107,12961.16843,0
1648,279.2766952,249.9667096,698.0987656,1.046751704,0.072856513,484.6894104,8055.328086,39043.32221,1.037624488,0.009554953,257.936877,66.98299333,1.031099248,0.019508028,178.8320545,959.8032606,1.035087545,0.004777476,189.6472847,596.0538534,1130.399948,1.030206713,0.001592492,11606.51928,0
1649,425.3078004,421.5270114,1792.78726,1.04080073,0.054940977,704.7657961,3327.818484,23453.32643,1.032264885,0.020702397,222.5693577,81.8694032,1.041305536,0.06449593,163.5776793,490.3833671,1.026262002,0.008758706,17.32050808,34.40426282,5.95899312,1.038440006,0.001194369,8773.117687,0
1650,79.91101626,39.22085962,31.34178751,1.02387097,0.00796246,0,229297.5309,0,1.125441133,0.000398123,107.6707131,38.70479567,1.025905754,0.00796246,339.6152769,849.8995113,1.022586784,0.027470489,198.5757243,277.7362308,551.516732,1.01951663,0.004379353,20839.34361,0
1651,0,0,0,0,0,0,241425.0335,0,1.1007231,0.000398123,152.1721513,70.95879207,1.04333467,0.006369968,109.4169817,165.9701742,1.02249244,0.022294889,70.71067812,61.92767308,43.78947758,1.05853236,0.000796246,27862.57441,0
1652,0,0,0,0,0,173.1829318,80712.40058,139780.1016,1.032734199,0.001194369,166.6323773,91.41704121,1.041076412,0.005573722,109.4880891,144.0343963,1.023641211,0.023489258,0,0,0,0,0,27759.18599,0
1653,70.71067812,20.64255769,14.59649253,1.011376984,0.000796246,0,228069.2987,0,1.147139526,0.000398123,94.48662124,47.01915919,1.022310202,0.003583107,86.90937651,130.4922091,1.030107818,0.037821687,330.3659704,299.3170866,988.8417974,1.057932132,0.011147445,19619.69671,0
1654,256.007246,99.32115874,254.2693632,1.032735903,0.024285504,199.6631964,55159.49448,110133.2098,1.09713326,0.001592492,135.1257078,38.02576417,1.0265852,0.007564337,116.1721159,196.2380367,1.031980252,0.028266735,395.9070639,511.5764298,2025.367223,1.056109604,0.00915683,16520.72011,0
1655,414.2990356,191.6519817,794.012312,1.033752922,0.020304274,244.7705913,36848.6857,90194.74588,1.040562476,0.002388738,232.3792702,97.65517678,1.037919253,0.015526798,291.9968144,606.9290356,1.024152179,0.025877996,186.5936278,119.7268346,223.4026441,1.04292085,0.009953076,16199.24621,0
1656,395.6898019,195.1305925,772.1118551,1.039783591,0.02110052,263.9668094,31417.97281,82933.02039,1.042639315,0.002786861,147.7324124,62.53480713,1.03928556,0.013536183,241.1451469,620.1574708,1.02963318,0.023887381,156.3592889,81.81501525,127.925376,1.040883533,0.016323044,15715.64612,0
1657,285.9427019,81.21662043,232.2329989,1.033682828,0.072856513,199.5659469,57043.12787,113838.6583,1.065331256,0.001592492,114.4058928,50.53867573,1.036119277,0.011545568,127.7340083,477.0132458,1.046890562,0.004379353,186.5128284,80.31245103,149.793024,1.033633087,0.012739937,14151.13638,0
1658,375.8995085,82.33829192,309.5092346,1.032351602,0.035432949,199.9537681,59533.13639,119038.7495,1.044624363,0.001592492,92.67067138,36.76955589,1.026615334,0.012739937,54.93084456,44.78956856,1.018282311,0.00796246,244.9631647,194.0400423,475.3266285,1.034078389,0.005971845,18818.25416,0
1659,74.39872273,49.17785803,36.58769824,1.033205263,0.006768091,110.0403798,43.07149057,47.39603179,1.032589814,0.020702397,770.3965738,2396.201415,1.026610824,0.024683627,654.145701,2227.567421,1.039264843,0.115057553,132.1483125,375.0064648,495.564715,1.065431305,0.001194369,7295.108126,1
1660,85.85249444,34.13961465,29.30971077,1.017113359,0.005175599,247.2797408,78.30410218,193.6301809,1.034937401,0.029859227,698.6656986,2361.820186,1.035527607,0.02110052,796.5978616,4353.481863,1.04302896,0.087188942,0,0,0,0,0,7174.676763,1
1661,94.83395099,68.80852564,65.25384349,1.040338657,0.009554953,687.4078003,201.2649375,1383.51088,1.032973902,0.045386024,876.9970518,1452.366901,1.048255029,0.037821687,558.330682,1665.746295,1.039736908,0.118242538,0,0,0,0,0,5568.013669,1
1662,65.97483286,33.02809231,21.7902287,1.02945043,0.005971845,848.6587997,361.4741214,3067.68194,1.033240675,0.035831072,1124.788569,494.2855501,1.047272016,0.083207712,819.4228655,4038.906104,1.038813606,0.092762664,0,0,0,0,0,4499.792948,1
1663,93.91627267,29.81702778,28.00304111,1.026244957,0.003583107,437.6767672,246.9167478,1080.697239,1.040012225,0.036229195,1080.55024,535.4308363,1.0405973,0.070865898,771.9598731,5437.790555,1.042223818,0.075245251,0,0,0,0,0,4990.165246,1
1664,57.95675945,34.65000756,20.08202153,1.034737347,0.005573722,183.5792452,54.45364357,99.96558786,1.035265832,0.034636703,1005.444765,1090.559641,1.038182721,0.049367255,1066.899368,4424.502784,1.039391917,0.106298847,0,0,0,0,0,6392.133286,1
1665,0,20.64255769,0,1.009624609,0.000398123,28.57142857,18.06223798,5.160639423,1.018972389,0.001592492,812.5901527,598.5009953,1.041917328,0.061709068,1182.741499,11038.67222,1.04158031,0.067282791,0,588.3128943,0,1.079233714,0.000398123,8563.28671,2
1666,47.14045208,46.44575481,21.89473879,1.038137258,0.000796246,95.23414078,35.00259783,33.33442329,1.02810622,0.00915683,624.5542019,825.3559561,1.042395171,0.05932033,1050.048632,7015.354102,1.043949049,0.075245251,96.12491873,172.0213141,165.3553484,1.048322248,0.002388738,5989.201236,2
1667,0,0,0,0,0,0,10.32127885,0,1,0.000796246,938.1816875,863.8232354,1.045520296,0.054542854,833.9438858,7501.876937,1.045900492,0.058524084,91.31370335,72.24895193,65.97319364,1.041408731,0.003184984,7651.888077,2
1668,0,0,0,0,0,34.81553119,28.38351683,9.881872154,1.04675762,0.001592492,709.7382832,634.6439682,1.047231564,0.071662144,773.9909324,7616.159159,1.045383011,0.0553391,40,12.90159856,5.160639423,1.002406152,0.001592492,5978.146889,2
1669,0,0,0,0,0,51.7695671,29.2436234,15.13929724,1.035921765,0.004777476,945.7532071,1437.358655,1.045501138,0.042599163,704.7143893,3302.263664,1.045239328,0.082411466,0,30.96383654,0,1.022753969,0.000398123,8197.726615,1
1670,0,0,0,0,0,146.743853,78.88405976,115.7575087,1.048152734,0.005573722,962.7819481,1419.033805,1.038922441,0.043395409,586.3176249,2762.44165,1.043308501,0.08042085,137.8704626,45.41362693,62.61197753,1.023513965,0.001990615,8133.77903,1
1671,0,0,0,0,0,150.1960861,78.44171923,117.8163921,1.051391973,0.001990615,603.06708,5021.162682,1.031427373,0.014730552,528.7887983,1502.691806,1.044469547,0.090373926,146.5919422,49.54213846,72.624783,1.024735876,0.00398123,11098.85096,1
1672,0,0,0,0,0,106.8816149,71.03468383,75.92301719,1.056553779,0.006768091,866.5969555,2062.471845,1.039113091,0.032247965,648.2562014,2513.165251,1.043315054,0.084402081,120.2561369,51.60639423,62.0598561,1.024894415,0.005573722,9154.855759,1
1673,0,0,0,0,0,0,20.64255769,0,1.009624609,0.000398123,712.0906948,3623.56282,1.038784561,0.020702397,468.5809232,904.4726728,1.041660468,0.129389982,0,0,0,0,0,9600.605766,1
1674,0,0,0,0,0,52.39847326,23.45745192,12.29134667,1.027668839,0.004379353,741.0225043,1998.040796,1.041459857,0.025877996,787.0104089,5954.125198,1.04366573,0.063699684,0,0,0,0,0,9167.553542,1
1675,0,0,0,0,0,54.19467628,44.72554167,24.23886252,1.039242055,0.004777476,933.5352502,1683.686062,1.027689046,0.037423564,538.1317955,1862.747835,1.040920982,0.105900724,37.37841964,59.86341731,22.37599933,1.067454604,0.001990615,7993.703745,1
1676,0,0,0,0,0,154.824977,108.3734279,167.7891348,1.044225437,0.00398123,653.1779861,1542.198826,1.037083111,0.037025441,974.4198263,4806.778075,1.045146096,0.081217096,227.4419369,377.3717578,858.3016353,1.041625148,0.006369968,6620.810825,1
1677,0,0,0,0,0,115.4700538,30.96383654,35.75395872,1.013827447,0.001194369,532.9509035,3312.442425,1.046280246,0.017915536,593.303351,3235.657289,1.045745495,0.074050882,84.79051284,42.02234959,35.63096572,1.022769959,0.005573722,8034.414711,1
1678,0,0,0,0,0,88.80725565,44.72554167,39.71952613,1.024166954,0.005971845,578.4064403,560.0309648,1.043194383,0.050561624,930.8828985,11770.46745,1.03930452,0.048571009,0,25121.99271,0,1.081492202,0.000398123,8419.376324,1
1679,0,0,0,0,0,109.6860746,30.82803024,33.81405623,1.022892245,0.03025735,865.1651024,1947.367286,1.03068814,0.031849842,695.8411488,2983.661951,1.041209724,0.086392696,0,0,0,0,0,8119.002805,1
1680,0,0,0,0,0,174.7261571,67.56713472,118.0574579,1.04121287,0.038617933,834.3274804,2292.757415,1.028616013,0.028664858,643.538373,2142.736788,1.042165302,0.091966418,0,2631.926106,0,1.042709407,0.000398123,8260.142547,1
1681,0,0,0,0,0,136.7793136,49.67115445,67.93986413,1.03585073,0.025479873,700.5061999,811.2525173,1.037011748,0.053746608,1036.464142,10762.78644,1.035562435,0.052950362,177.1582086,74.3132077,131.6519475,1.019961088,0.001990615,7650.025718,1
1682,95.83148475,28.89958077,27.69489734,1.020839042,0.001990615,237.498381,66.87199828,158.8199133,1.039812773,0.132973089,1167.925021,483.1584791,1.038101965,0.08042085,1038.998499,6913.852682,1.043463483,0.078430235,0,10.32127885,0,1,0.000398123,4631.158882,1
1683,0,0,0,0,0,378.5987811,61.92767308,234.4574154,1.030241051,0.060116576,720.1775833,164.3025717,1.041127933,0.107891339,733.7573885,26322.08766,1.030993728,0.021896766,0,0,0,0,0,8979.869378,0
1684,0,0,0,0,0,95.49307755,30.00816257,28.65571796,1.023875105,0.021498643,297.7467206,94.93744359,1.042473106,0.134565581,386.0973644,55976.22737,1.040810263,0.005971845,0,0,0,0,0,10747.28122,0
1685,0,0,0,0,0,111.8033989,20.64255769,23.07908112,1.004036237,0.002786861,193.6588847,55.10155457,1.037038708,0.17517413,141.408484,160349.7686,1.107361548,0.000796246,0,0,0,0,0,10700.32178,0
1686,0,0,0,0,0,114.0657019,52.43209654,59.80703895,1.04086661,0.009953076,543.1727363,113.8468333,1.036821585,0.065690299,407.1540164,55344.9513,1.051517547,0.006768091,0,0,0,0,0,15874.26022,0
1687,0,0,0,0,0,153.8178781,48.25895244,74.23089666,1.022928684,0.014730552,310.5877797,108.2287371,1.039383077,0.042599163,360.2160803,65895.32118,1.030724367,0.005175599,0,0,0,0,0,18958.1785,0
1688,0,0,0,0,0,455.0445378,166.6255376,758.2204076,1.043676925,0.0553391,776.2619341,295.583858,1.046548715,0.074847128,911.0507508,16522.92265,1.037387894,0.037821687,9.428090416,77.40959135,7.298246263,1.088997427,0.000796246,7976.097707,0
1689,0,0,0,0,0,270.7309048,138.9220406,376.1048974,1.047848225,0.034636703,695.3935684,269.5769068,1.041079527,0.077235866,740.4198602,15735.31861,1.038974932,0.033044211,173.1333725,1300.481135,2251.566847,1.058857033,0.003184984,7570.63516,0
1690,0,0,0,0,0,334.5779092,87.85673945,293.9492419,1.035019258,0.016323044,626.4466812,464.6795111,1.049522837,0.074050882,927.3899217,15087.99858,1.030064617,0.038617933,126.4507868,666.7546135,843.1164551,1.078916375,0.001990615,8470.862516,0
1691,0,0,0,0,0,372.4688783,234.705881,874.2063622,1.045312828,0.019906151,844.0878723,430.0164893,1.044035158,0.074449005,831.2525147,12938.35666,1.03925907,0.040608548,119.6642245,134.176625,160.5614178,1.042240421,0.000796246,7572.195044,0
1692,0,0,0,0,0,146.2509651,183.7187635,268.6904646,1.061117705,0.001990615,630.5178148,319.8462236,1.044709368,0.07245839,764.2619981,24061.47792,1.034513928,0.024285504,0,0,0,0,0,12046.25431,0
1693,0,0,0,0,0,207.5733921,64.23840715,133.3418407,1.034260159,0.026674242,333.1156912,146.5747465,1.043465703,0.065292176,331.4089765,67127.0227,1.021048697,0.004379353,47.14045208,15.48191827,7.298246263,1.004812305,0.000796246,14252.07659,0
1694,0,0,0,0,0,227.1754787,70.73852088,160.7005734,1.035610299,0.081615219,430.4872387,252.5523104,1.045691983,0.109483831,963.9193263,14224.25732,1.03765062,0.044987901,150.6131137,158.259609,238.3597248,1.020741978,0.001194369,6237.459445,0
1695,0,0,0,0,0,362.7763603,99.11911669,359.5807239,1.04113017,0.094355156,611.4268008,255.7212371,1.045036477,0.10669697,1049.539754,12559.741,1.035983881,0.049765378,0.457674292,4783.912745,21.89473879,1.054914285,0.000796246,5684.339396,0
1696,63.2455532,51.60639423,32.63874952,1.028394106,0.002786861,807.0960658,341.3359421,2754.90896,1.042080259,0.084003958,496.2937184,283.7990799,1.049824432,0.113863184,1142.72509,5115.199899,1.037613724,0.07643962,0,11683.68765,0,1.038256336,0.000398123,3236.123819,0
1697,99.25832628,47.80381782,47.44926946,1.035584333,0.007564337,1120.925395,821.7735629,9211.468552,1.039421297,0.061709068,709.4586505,191.3358045,1.043107896,0.130982474,609.5105821,3027.676738,1.033835019,0.037423564,0,13252.52204,0,1.0243601,0.000398123,4967.922164,0
1698,68.6348585,37.8446891,25.97464882,1.010134367,0.001194369,430.1647615,3754.36518,16149.95602,1.038838086,0.00796246,224.5527044,148.6532239,1.049620338,0.061310945,136.1362814,145.6195086,1.034633394,0.004379353,0,151908.5821,0,1.016542562,0.000398123,12204.09428,0
1699,46.97408543,19.78245112,9.29262549,1.015852518,0.004777476,556.2340058,1264.975935,7036.226318,1.037174872,0.019906151,499.1650961,213.1447987,1.038612738,0.05932033,396.5196867,1822.56686,1.042401088,0.017915536,217.1768329,27050.0076,58746.3498,1.038489931,0.001990615,8783.11702,0
1700,409.6494999,117.2527634,480.3253588,1.034683102,0.054144731,640.0592796,4351.402013,27851.55237,1.025436614,0.016721167,345.2503293,143.6822405,1.041807572,0.130982474,240.5241313,478.629206,1.049535754,0.009953076,0,227.0681346,0,1.064142515,0.000398123,7829.001601,0
1701,184.3541572,113.3393262,208.9457596,1.033731831,0.02110052,330.1355235,19492.20425,64350.69055,1.05494184,0.004379353,332.3092682,81.90001786,1.035658296,0.091966418,410.5164413,798.6848038,1.028800704,0.023887381,57.28219619,55.04682052,31.53202772,1.014653382,0.001194369,11286.2853,0
1702,293.8581346,188.1853859,552.9980644,1.040165771,0.046182271,488.8707433,8190.966893,40043.24073,1.041373304,0.009953076,428.616112,113.6904503,1.034972451,0.078828358,112.0008746,60.53748932,1.035040216,0.015128675,0,10.32127885,0,1,0.000398123,10311.1178,1
1703,316.67088,380.9490192,1206.354611,1.044211123,0.052552239,656.3050895,4149.85782,27235.72808,1.034042484,0.017517413,105.0873303,48.02430334,1.03293333,0.135361827,198.967231,156.8947553,1.039178065,0.009953076,0,0,0,0,0,7787.699526,1
1704,56.45794895,27.52341026,15.53915291,1.02271196,0.002388738,1175.541294,570.0768524,6701.488808,1.040646361,0.076837743,415.5377652,130.3127616,1.039295916,0.077633989,715.5404697,5865.284242,1.038913045,0.056135346,0,0,0,0,0,5035.20679,1
1705,0,0,0,0,0,234.4773818,176.7519002,414.443228,1.051129933,0.031849842,516.529837,173.2614678,1.043686318,0.10271574,743.6347695,23838.08399,1.038033808,0.023887381,0,0,0,0,0,9283.485639,1
1706,0,0,0,0,0,234.1004229,105.8886756,247.8858373,1.039200295,0.010749322,306.7253971,160.5885129,1.042178393,0.077633989,434.3776108,49533.74458,1.034865401,0.007564337,94.62118179,26.20016938,24.7909099,1.019959325,0.005175599,13548.47607,1
1707,0,0,0,0,0,171.2355901,84.4870397,144.671881,1.0285597,0.027868612,658.1611385,287.9915752,1.045284178,0.073652759,711.6556011,25763.6211,1.035431595,0.02110052,45.75657233,28.38351683,12.98732441,1.027055201,0.001592492,10712.0301,0
1708,0,0,0,0,0,472.3682101,118.9281025,561.778549,1.040254486,0.079226481,333.32667,120.4783379,1.042500701,0.086392696,587.5789087,33783.09676,1.026455638,0.013934306,52.54846547,33.54415625,17.62693936,1.009929479,0.001592492,9377.749693,0
1709,0,0,0,0,0,611.1362869,102.9865687,629.3882917,1.038177427,0.145314903,263.3547003,66.45896623,1.037203215,0.130584351,614.3025967,30011.17174,1.033366316,0.015526798,187.3762245,251.8392039,471.886792,1.042431814,0.001990615,6918.727318,0
1710,0,0,0,0,0,236.0307846,86.48519861,204.1316928,1.045009442,0.161637947,124.2773925,53.90692024,1.036373903,0.132176843,474.5463234,40865.73017,1.048247742,0.00915683,56.56854249,51.60639423,29.19298505,1.02069151,0.000796246,7097.511915,0
1711,0,0,0,0,0,502.9304187,119.879445,602.9101945,1.047667339,0.204635233,126.9650899,51.66373467,1.037383236,0.143324288,709.4394975,23324.41465,1.036668921,0.020702397,0,0,0,0,0,5544.488834,0
1712,0,0,0,0,0,1282.957339,366.3894218,4700.619976,1.045336065,0.128593736,112.1848162,38.27474239,1.031109408,0.07643962,1181.020888,8566.573119,1.03742075,0.068875283,0,0,0,0,0,5365.883961,0
1713,83.06060122,24.61228033,20.44310801,1.012220712,0.005175599,0,250311.6546,0,1.03044835,0.000398123,0,10.32127885,1,0.000398123,51.38227718,12.87946254,1.025465674,0.008360583,0,10.32127885,0,1,0.000398123,41147.02626,0
1714,109.7231614,36.96000806,40.55368928,1.0290202,0.041802917,141.326307,122854.1821,173625.2786,1.06851087,0.000796246,172.1041391,227.0681346,1.052409483,0.002388738,114.3613239,86.55937495,1.014848694,0.001194369,0,0,0,0,0,22801.5201,0
1715,303.313075,65.27384111,197.9840947,1.031314296,0.087188942,199.9288936,58059.77383,116078.2635,1.047672893,0.001592492,200.3667735,115.7069681,1.04060659,0.015128675,0,0,1.041482341,0.000398123,92.8840728,43.8654351,40.74400267,1.041512966,0.001592492,14232.70874,0
1716,184.3319358,44.55522354,82.12950605,1.021962559,0.040210425,0,245047.8024,0,1.086263137,0.000398123,114.9775155,55.29256525,1.041161481,0.005573722,120.9748951,518.1754847,1.039337171,0.000796246,0,0,0,0,0,22553.89826,0
1717,110.4271468,37.92860194,41.88347293,1.027103278,0.048969132,141.4094751,122854.1821,173727.454,1.051121543,0.000796246,35.13641845,37.15660385,1.033748161,0.00398123,0,0,1.012167503,0.000398123,68.63753427,25.80319712,17.71067826,1.022094947,0.00398123,20331.02722,0
1718,358.5950894,143.1114634,513.1906801,1.028200203,0.026674242,141.4091463,119546.2122,169049.2782,1.057028827,0.000796246,96.49544358,31.5536239,1.027681366,0.013934306,55.33879157,65.68421637,1.031557362,0.000796246,135.5561279,50.26014047,68.13070032,1.034621579,0.00915683,21045.00206,0
1719,436.7629504,310.2000676,1354.838968,1.04036401,0.058524084,582.8822952,5347.282549,31168.36325,1.043318611,0.014332429,202.7531334,92.37173299,1.038598934,0.0553391,0,0,1.00567993,0.000398123,0,0,0,0,0,10444.11338,0
1720,988.3588971,938.4491589,9275.245756,1.035096474,0.046978517,970.3904128,772.7726726,7498.911928,1.040593053,0.062107191,456.0686248,111.5444232,1.036559947,0.066088422,122.7006854,280.7248708,1.015590648,0.002388738,0,0,0,0,0,6514.089894,0
1721,424.970697,2806.844621,11928.26715,1.043095537,0.022693012,589.8707346,600.8678827,3544.343793,1.041467584,0.053348485,157.1514187,48.52894871,1.030680948,0.086790819,0,0,1.022435341,0.000398123,0,0,0,0,0,4940.730941,0
1722,343.2282258,215.5871615,739.9559896,1.042482941,0.035432949,314.1700371,22872.98605,71860.06878,1.03393638,0.00398123,71.03158866,30.12697609,1.027898643,0.014730552,71.22299265,111.7370798,1.020348477,0.001990615,185.3924766,85.15055048,157.8627144,1.036320244,0.006369968,18144.31837,0
1723,379.836841,578.7117046,2198.160257,1.051832998,0.05135787,655.3826854,3523.819224,23094.50106,1.033897138,0.018313659,147.424086,72.94778851,1.040198365,0.07643962,52.93301077,74.66596979,1.027226158,0.001194369,0,0,0,0,0,8242.051008,0
1724,408.3786719,421.6527352,1721.93984,1.045510377,0.064894053,582.652234,4888.747449,28484.39623,1.037434714,0.013934306,160.104475,81.35044327,1.037166416,0.043793532,96.61691106,154.5675625,1.023707875,0.005573722,20,51.60639423,10.32127885,1.051114071,0.001194369,9418.463321,0
1725,201.5130321,116.3489615,234.4583202,1.036548767,0.008758706,223.504831,45267.06477,101174.0766,1.035467384,0.001990615,87.09655714,37.03517704,1.024118146,0.020304274,307.5328595,1105.175189,1.027733519,0.021896766,114.2706444,104.9330016,119.9076171,1.037317069,0.002388738,19188.46125,0
1726,0,0,0,0,0,0,244242.7426,0,1.079307841,0.000398123,0,20.64255769,1.009624609,0.000398123,77.91045897,103.6097756,1.020742194,0.020702397,0,0,0,0,0,33219.57776,0
1727,0,0,0,0,0,0,242735.8359,0,1.083491959,0.000398123,157.8086857,113.5340673,1.04836651,0.00398123,133.0148621,242.6571555,1.020113445,0.015924921,0,10.32127885,0,1,0.000398123,33639.21867,0
1728,0,10.32127885,0,1,0.000398123,0,240981.2185,0,1.081624858,0.000398123,80.26502382,38.99149786,1.025727551,0.003583107,250.0444603,534.5079232,1.021648293,0.017915536,0,216.7468558,0,1.113662353,0.000398123,31898.21669,0
1729,105.3376061,45.58564824,48.0188306,1.038638516,0.009554953,0,239195.6373,0,1.123959408,0.000398123,113.3137238,34.40426282,1.018731411,0.002388738,100.924563,133.102349,1.02367454,0.02508175,93.63781462,148.3683834,138.9289118,1.083097104,0.006369968,22796.25643,0
1730,252.3348294,130.0883262,328.2581561,1.044486375,0.061310945,173.1654298,67628.45943,117109.1124,1.069171814,0.001194369,124.2568902,37.61532735,1.028856338,0.017915536,453.4362713,3528.751815,1.022673331,0.011943691,131.7672123,146.3745,192.8735981,1.053320238,0.008758706,12776.7869,0
1731,298.1755827,122.2795784,364.6078454,1.040674956,0.052154116,0,226995.8857,0,1.17019456,0.000398123,98.15129482,54.39592906,1.033854799,0.014730552,156.8212744,290.0524216,1.02869407,0.009953076,170.8440969,89.85583937,153.5133973,1.039885454,0.006768091,15622.17069,0
1732,288.5751669,164.3973295,474.409868,1.039420718,0.049765378,223.1164319,42339.95008,94467.38588,1.063051059,0.001990615,80.86163893,46.91490385,1.038105443,0.017517413,189.7692908,769.4025199,1.034208058,0.015526798,122.1365608,131.5963053,160.7272014,1.044204327,0.003184984,14211.85439,0
1733,94.66751141,25.06596291,23.7293233,1.012231476,0.002786861,185.7251151,56.06518669,104.1271325,1.03359104,0.049765378,983.5357354,1210.743349,1.031884499,0.042997286,805.2684624,3291.854628,1.045793209,0.110280077,0,0,0,0,0,5946.797034,1
1734,113.5775016,47.59256357,54.05444464,1.036421777,0.007166214,209.0113441,105.0893846,219.6487353,1.036411156,0.030655473,750.9857052,637.2384368,1.038978734,0.061310945,855.776617,7169.386725,1.039142333,0.06847716,0,0,0,0,0,5418.525538,1
1735,66.66666667,20.64255769,13.76170513,1.025589648,0.00398123,103.1419864,44.18797506,45.57635521,1.041594021,0.012739937,732.6072418,1098.826715,1.034346196,0.04220104,994.0332523,7691.191822,1.042465132,0.06847716,0,0,0,0,0,7290.166892,1
1736,115.2874884,43.57873291,50.24082665,1.031488891,0.003583107,302.6950538,84.31369004,255.2133694,1.040443596,0.058922207,764.315927,2556.236728,1.025942794,0.023887381,804.9154726,2065.393737,1.043315707,0.13177872,0,0,0,0,0,6656.738891,1
1737,66.66666667,30.96383654,20.64255769,1.022479677,0.001194369,235.5279814,85.24771734,200.7822278,1.042954833,0.095151402,952.4573253,1430.876697,1.035669651,0.040210425,735.2568798,1853.040818,1.04149855,0.136158073,0,0,0,0,0,5392.792067,0
1738,69.2820323,34.40426282,23.83597248,1.016550773,0.001194369,353.1364744,89.84204087,317.2650157,1.035493579,0.052552239,1097.967106,460.4721038,1.036265809,0.08042085,1002.262587,8827.21127,1.036351743,0.066088422,0,0,0,0,0,5997.179733,0
1739,0,0,0,0,0,191.1479572,310.6213443,593.7463545,1.042106657,0.008360583,521.2826831,85.02767812,1.035573595,0.050163501,264.3980949,88362.63889,1.031888161,0.002786861,0,0,0,0,0,18837.28335,0
1740,0,0,0,0,0,128.6141046,474.7788269,610.6325371,1.041183118,0.004379353,456.6004939,324.3175175,1.04059946,0.017915536,282.4534083,81686.15647,1.037977359,0.003184984,0,0,0,0,0,28873.30486,0
1741,0,10.32127885,0,1,0.000398123,200.6263534,78.63831502,157.7691838,1.034078956,0.016721167,637.7003862,236.002973,1.038083547,0.053348485,778.6556746,27157.64029,1.030251038,0.024683627,0,0,0,0,0,13870.64961,0
1742,75.41125342,32.2539964,24.32314296,1.030958742,0.003184984,76.57804862,24.77106923,18.96920144,1.022349642,0.00398123,856.0327524,938.1305237,1.038486995,0.033442334,1350.246212,10002.87626,1.042061245,0.092364541,0,0,0,0,0,9247.76144,0
1743,0,0,0,0,0,69.48083338,21.3797919,14.85485758,1.016416068,0.005573722,705.7409422,1423.961162,1.034397625,0.021896766,1387.797541,9978.348805,1.042412209,0.095549525,0,0,0,0,0,9750.393455,1
1744,0,20.64255769,0,1.009624609,0.000398123,108.7651782,32.08571468,34.89808476,1.022591274,0.018313659,671.4022193,521.0559334,1.036488559,0.060912822,1225.38843,11969.40395,1.041361653,0.069273406,0,0,0,0,0,8458.124265,1
1745,41.34195361,35.55107158,14.69750752,1.047814319,0.003583107,59.3295879,18.76596154,11.13376765,1.013755668,0.004379353,1067.467381,659.7590801,1.03908147,0.071662144,1383.221116,6469.532268,1.035958088,0.112270692,0,0,0,0,0,6552.005685,1
1746,0,10.32127885,0,1,0.000398123,188.9144147,80.35852816,151.8088432,1.049682029,0.005573722,1070.363988,489.7252072,1.03877387,0.084402081,973.9260778,8075.045839,1.038702564,0.069671529,0,1125.019394,0,1.086086841,0.000398123,6533.455003,1
1747,0,0,0,0,0,70.71067812,20.64255769,14.59649253,1.011376984,0.000796246,654.570571,1285.356884,1.03619556,0.040210425,1181.292274,6990.732761,1.042269202,0.081615219,0,0,0,0,0,7459.376111,1
1748,0,41.28511539,0,1.034513382,0.000398123,112.3760727,24.32872871,27.33966987,1.020451152,0.005573722,673.259584,834.8988318,1.036613924,0.062107191,1197.022648,8634.30681,1.032663356,0.066486545,47.14045208,46.44575481,21.89473879,1.074630985,0.000796246,7140.187003,1
1749,0,0,0,0,0,82.94576541,25.80319712,21.40265935,1.020976337,0.002388738,881.5213128,1163.008639,1.042349865,0.04737664,908.8493138,8455.617674,1.05179519,0.048172886,69.2820323,17.20213141,11.91798624,1.019350889,0.001194369,9200.859702,1
1750,0,0,0,0,0,153.2307165,37.15660385,56.93533032,1.026032466,0.021896766,879.5489659,888.3369177,1.042194699,0.058125961,1078.934418,6107.374173,1.043790184,0.084003958,0,0,0,0,0,6377.230562,1
1751,0,0,0,0,0,87.21190121,26.3766015,23.00353564,1.028406901,0.007166214,906.8026806,1206.156114,1.035136787,0.042997286,882.8685699,5989.428168,1.04095385,0.070467775,0,361.2447596,0,1.082149074,0.000398123,7948.904449,1
1752,0,0,0,0,0,0,0,0,0,0,857.7565523,2298.964331,1.033477432,0.030655473,505.1178316,1486.457318,1.044585282,0.100327002,0,0,0,0,0,9618.473565,1
1753,0,0,0,0,0,57.73502692,20.64255769,11.91798624,1.025082016,0.002786861,1021.306261,1167.422648,1.038608022,0.047774763,547.7245334,2784.209688,1.040950311,0.070069652,140.7417726,10739.29064,15114.66801,1.035814967,0.000796246,7850.27236,1
1754,0,0,0,0,0,60.43430621,27.09335697,16.37368231,1.029627012,0.006369968,577.2729446,550.1745102,1.040305364,0.065292176,820.6428617,16034.1903,1.031822639,0.031451719,117.7326869,3080.901736,3627.228393,1.03923503,0.000796246,9164.999129,1
1755,0,0,0,0,0,104.484314,65.48673475,68.42336559,1.047353458,0.011545568,578.5087328,816.382347,1.045513394,0.053348485,1065.210761,10643.30381,1.041372026,0.055737223,0,0,0,0,0,7876.030065,1
1756,0,0,0,0,0,424.192214,122.0173102,517.5879296,1.036099245,0.029062981,554.7636183,477.6496462,1.042638345,0.060116576,986.6046062,15836.51937,1.036405051,0.04220104,0,0,0,0,0,9146.477932,1
1757,0,0,0,0,0,413.5222443,77.64416587,321.0758972,1.038557133,0.052552239,701.9137881,159.2086921,1.045367321,0.138546812,781.5773592,22338.94944,1.038047692,0.025479873,176.7237746,433.4937116,766.0864498,1.052851019,0.002388738,7671.233104,1
1758,0,0,0,0,0,237.1524104,92.06754198,218.340395,1.048282111,0.094753279,710.1782683,567.0861132,1.042212738,0.06330156,1110.185371,10958.97373,1.031868507,0.0553391,0,1888.794029,0,1.068438532,0.000398123,5988.531225,1
1759,0,0,0,0,0,90.96009424,33.39237274,30.37373371,1.027780165,0.027072365,687.6392636,358.1630508,1.042336819,0.084003958,1088.091652,14508.0748,1.036335479,0.051755993,0,0,0,0,0,8362.253972,1
1760,0,0,0,0,0,80.38638055,29.91064482,24.04408477,1.031000465,0.019508028,639.8220113,161.9150619,1.031803489,0.082809589,741.6338725,28610.47177,1.033336343,0.022294889,0,0,0,0,0,12126.5068,0
1761,0,0,0,0,0,269.5570114,118.8341835,320.3258735,1.042778989,0.014730552,231.0291046,109.2404153,1.042965838,0.049765378,422.8706457,54709.83293,1.035299846,0.007166214,87.5,82.57023077,72.24895193,1.069344724,0.001194369,17155.65812,0
1762,0,0,0,0,0,362.501662,191.9077342,695.6687259,1.049711418,0.07245839,340.1612297,251.5406008,1.049803522,0.06330156,673.6292053,20784.95813,1.045073946,0.022693012,135.99725,95.47182933,129.8390624,1.02690404,0.001592492,7863.970592,0
1763,0,0,0,0,0,168.1298926,52.21352828,87.786549,1.035264631,0.033840457,746.3061268,324.7454886,1.041551296,0.071264021,769.304568,23403.11969,1.034345111,0.024683627,0,0,0,0,0,10356.0623,0
1764,0,0,0,0,0,152.3078278,295.8766603,450.6433143,1.030581213,0.001194369,616.4387226,593.3239499,1.03485302,0.054940977,925.5551952,15768.47004,1.034012297,0.037025441,140.5429627,4985.177683,7006.316412,1.05705936,0.000796246,10285.0065,0
1765,0,0,0,0,0,0,0,0,0,0,884.4859035,790.2346404,1.038083786,0.043793532,652.9128204,8771.204227,1.042854133,0.045386024,219.1887502,793.2640028,1738.745453,1.056547508,0.005573722,7706.649229,0
1766,0,0,0,0,0,133.1024529,175.4617404,233.5438804,1.029849687,0.000796246,580.7318127,456.5586102,1.042016485,0.039016056,795.8414112,18537.19938,1.03549809,0.030655473,191.8358305,6683.028053,12820.44237,1.067260315,0.001592492,12373.60107,0
1767,0,0,0,0,0,107.7782984,45.41362693,48.94603436,1.035236912,0.00398123,525.660415,531.9928451,1.04277141,0.050561624,873.5412408,18488.4262,1.028486563,0.032646088,118.8788016,2402.277652,2855.798882,1.086608734,0.001592492,11397.97454,0
1768,0,0,0,0,0,122.1112486,32.43830495,39.61081918,1.021957035,0.008360583,453.9046258,253.2023916,1.05084606,0.105502601,839.6989936,20810.78257,1.033900329,0.029461104,0,0,0,0,0,9479.564031,0
1769,0,0,0,0,0,331.2619111,141.7947118,469.7118721,1.039672331,0.016721167,389.4962419,152.4796928,1.038658327,0.08957768,601.5124104,29356.07336,1.041257699,0.015526798,108.8110057,6860.210007,7464.663498,1.039121538,0.001194369,10478.65679,0
1770,0,0,0,0,0,188.3378746,50.2240801,94.59096502,1.027381086,0.044589778,272.5768467,150.5775613,1.043129117,0.087188942,385.3194021,53880.24689,1.033540867,0.005971845,0,2828.030404,0,1.024928881,0.000398123,11205.5489,0
1771,0,0,0,0,0,460.5064653,101.0675815,465.4227471,1.039323325,0.101521371,430.205921,187.4026661,1.043473943,0.129389982,919.602229,16509.88656,1.030332735,0.035831072,0,2920.921914,0,1.069226691,0.000398123,6077.058195,0
1772,33.33333333,30.96383654,10.32127885,1.031697149,0.001194369,689.8789324,298.0170781,2055.957037,1.041181961,0.104308232,909.8865705,288.6399015,1.045096454,0.115455676,1236.933164,3877.952486,1.040199543,0.110280077,0,2456.464365,0,1.056736867,0.000398123,2952.382196,0
1773,99.1033798,39.92192761,39.56397955,1.03230034,0.02110052,732.9530848,2181.408986,15988.70446,1.036062358,0.030655473,762.9063881,202.8244714,1.046708246,0.14491678,210.3141086,160.8610773,1.037016942,0.037821687,0,0,0,0,0,5915.375488,0
1774,123.9589117,71.51171772,88.64514701,1.028872456,0.005573722,798.6585512,1073.695775,8575.16312,1.035759088,0.058125961,1290.937291,377.5481674,1.03747951,0.09754014,58.63460181,16.64256207,1.020020792,0.006369968,127.7149604,154.8191827,197.7272579,1.028061449,0.001194369,6248.090628,0
1775,0,0,0,0,0,836.9507369,935.9423499,7833.376395,1.035696314,0.037423564,915.5288893,238.9222767,1.044011681,0.08042085,162.4890091,1613.364786,1.042070852,0.001990615,0,109973.2261,0,1.031313974,0.000398123,7874.175053,0
1776,55.9737502,29.2436234,16.36875271,1.021935593,0.004777476,804.1184213,2161.700784,17382.63422,1.035749432,0.027072365,394.0626647,258.1107596,1.044388458,0.104308232,317.8614799,906.5194255,1.048882792,0.007564337,185.0531483,6157.67496,11394.97138,1.037932019,0.001990615,7657.499779,0
1777,244.1409112,81.7276774,199.5306963,1.03158348,0.039016056,851.1864168,1918.169976,16327.20229,1.028869812,0.031053596,646.1056838,458.068185,1.047024743,0.075245251,278.4453024,269.8283678,1.035121745,0.028664858,0,0,0,0,0,7162.249555,0
1778,162.4949154,154.4966427,251.0491889,1.041275107,0.03821981,540.560303,5766.498492,31171.40172,1.033922702,0.011943691,577.3086158,223.1733124,1.042708908,0.105502601,148.7672462,142.3797814,1.04821691,0.017517413,0,0,0,0,0,8243.35454,1
1779,371.5516169,245.4546751,911.9908141,1.042033863,0.072856513,658.566443,1620.158004,10669.81694,1.039103513,0.029062981,911.8892249,254.2003258,1.038566626,0.119038784,166.8249094,156.17685,1.049408307,0.050959747,0,0,0,0,0,3845.104127,1
1780,492.7118239,167.0606995,823.1278194,1.035355146,0.05135787,646.4266111,3489.765123,22558.77042,1.032478587,0.017517413,919.0776268,229.0470264,1.034889227,0.105900724,258.0303564,280.6901277,1.043082795,0.0553391,0,30.96383654,0,1.022753969,0.000398123,6389.960342,1
1781,186.2679079,124.6198853,232.1268532,1.038211593,0.021498643,1013.209589,1543.442212,15638.30449,1.031606565,0.044987901,256.8324183,76.92997802,1.035538255,0.107095093,855.2995652,3902.208062,1.042320285,0.042997286,20.20305089,36.12447596,7.298246263,1.028633675,0.000796246,7321.141971,1
1782,52.17307724,87.7308702,45.77189467,1.041164999,0.001592492,698.4020507,312.3741261,2181.627302,1.04432741,0.066088422,563.4754998,156.3636076,1.04039288,0.109085708,900.637032,14959.19642,1.044202356,0.037423564,0,0,0,0,0,6396.802376,1
1783,0,30.96383654,0,1.022753969,0.000398123,350.6197566,108.4992971,380.4199715,1.025411643,0.032646088,418.3682041,140.8154375,1.03576589,0.079226481,477.0474989,44433.5447,1.033145995,0.00915683,0,0,0,0,0,12208.35584,0
1784,0,0,0,0,0,148.8292277,57.93233933,86.2202532,1.030857527,0.037025441,309.0513302,116.9362666,1.044760226,0.107493216,457.2829049,46599.60944,1.025684209,0.008360583,69.45320497,18.06223798,12.54480317,1.013897204,0.004777476,10731.6837,0
1785,0,0,0,0,0,565.7667296,179.2462093,1014.115416,1.036944091,0.071662144,347.3222542,93.22251273,1.038550124,0.136556197,633.2027363,28183.40188,1.040561443,0.016721167,0,0,0,0,0,7708.74557,0
1786,0,10.32127885,0,1,0.000398123,678.6323878,247.0085645,1676.280119,1.046843749,0.117048168,550.9989821,172.4544613,1.041584715,0.1106782,788.7837221,10199.94682,1.038145187,0.040210425,0,0,0,0,0,4147.860508,0
1787,89.14976911,49.88618109,44.47341526,1.035666341,0.002388738,364.6648253,90.44604982,329.8249295,1.034826833,0.114261307,281.4075618,121.6736124,1.040546919,0.097938263,466.6495647,41359.91452,1.030151402,0.008758706,0,0,0,0,0,8194.63093,0
1788,0,0,0,0,0,336.170758,65.30082846,219.52229,1.037388413,0.142528042,177.4114447,47.46060859,1.031276776,0.095151402,359.9405433,59932.27671,1.030632703,0.005175599,0,0,0,0,0,8749.779869,0
1789,0,0,0,0,0,565.1102544,105.506406,596.2275193,1.04232832,0.17915536,131.8201564,40.59988526,1.028858439,0.095947648,620.7475471,30864.87113,1.029584698,0.015526798,0,0,0,0,0,7147.649597,0
1790,0,0,0,0,0,1079.487245,776.6762332,8384.120869,1.046504697,0.078032112,144.4482596,65.03407739,1.032049659,0.041006671,1041.519771,7671.928666,1.035041262,0.049765378,52.17307724,43.8654351,22.88594733,1.047249893,0.001592492,7020.491095,0
1791,100,41.28511539,41.28511539,1.030330286,0.001990615,492.4029753,8565.010038,42174.36426,1.039585825,0.009953076,188.1099131,54.62725633,1.030287573,0.032646088,523.818653,633.1541223,1.04252665,0.104706355,110.2920642,28.89958077,31.87394417,1.026199846,0.00796246,10624.23902,0
1792,61.29725068,29.48936813,18.07617191,1.021535755,0.013934306,386.296508,15673.89406,60547.7054,1.032947561,0.005971845,85.9375,26.42247385,1.020836758,0.009953076,275.6457364,394.2790555,1.045198756,0.039414179,108.3267921,43.34937116,46.95898315,1.027842021,0.001990615,17525.95136,0
1793,80.78715458,28.38351683,22.93023561,1.021614321,0.014332429,849.2287931,2839.315002,24112.28052,1.042117227,0.029859227,76.78352024,21.748409,1.020043494,0.011147445,771.2320654,1878.583884,1.041466634,0.059718453,37.26779962,12.38553462,4.615816223,1.001924922,0.001990615,12247.25207,0
1794,54.33912974,21.58085577,11.72684922,1.015357032,0.004379353,916.8644271,2385.622861,21872.92737,1.04026997,0.035034826,103.5261629,35.52440161,1.032694631,0.03423858,815.7198918,3385.287687,1.035766419,0.036229195,46.25924443,46.44575481,21.48545525,1.066655259,0.001592492,12406.75626,0
1795,261.9453846,127.4144078,333.7561607,1.028479881,0.011545568,433.2994003,12143.25618,52616.65618,1.040221889,0.007564337,284.3455279,77.80656361,1.045022938,0.025877996,271.1256634,262.4079527,1.041429641,0.045386024,95.87872729,23.13390086,22.18048972,1.020783281,0.011545568,14335.5428,0
1796,701.8685345,323.2825926,2269.018795,1.039673558,0.081615219,873.1478294,1482.823728,12947.24319,1.036548256,0.040608548,353.0229056,196.0435847,1.048878243,0.067680914,84.85281374,131.3684327,1.025770984,0.000796246,0,20.64255769,0,1.009624609,0.000398123,6161.167114,0
1797,557.2122444,397.0695856,2212.520349,1.036638146,0.061709068,767.8833511,2447.839735,18796.55379,1.036591827,0.029062981,168.07148,106.7146509,1.043267656,0.022294889,128.676704,391.7919022,1.024596404,0.006369968,78.56742013,46.44575481,36.49123131,1.075500392,0.000796246,9374.340486,0
1798,739.6392015,660.1686546,4882.866166,1.037916231,0.041802917,727.8075366,3130.665044,22785.21614,1.02997708,0.022294889,112.8295854,37.88516471,1.0242971,0.033840457,170.1445733,365.2707937,1.022368087,0.005971845,84.85281374,51.60639423,43.78947758,1.038896053,0.000796246,10945.96655,0
1799,456.52876,548.1393012,2502.413555,1.037068321,0.051755993,677.7720974,3496.642848,23699.26957,1.027603564,0.019906151,101.6288834,46.20572507,1.030119576,0.03423858,89.99540851,153.2631715,1.035281334,0.000796246,182.2395656,193.5239784,352.6772575,1.042533092,0.001592492,10299.63104,0
1800,396.1341722,1080.975125,4282.111864,1.050208777,0.040210425,872.6730256,1589.103884,13867.68095,1.03675015,0.033044211,158.1827494,59.07147013,1.03495307,0.06330156,54.83685242,138.666679,1.042927949,0.000796246,0,206.4255769,0,1.061627974,0.000398123,7172.951487,0
1801,450.205207,427.056785,1922.631883,1.046911042,0.074050882,704.0742749,2903.337513,20441.65254,1.030664793,0.021498643,139.4387736,69.53282591,1.041005781,0.083207712,0,0,0,0,125.1937274,72.24895193,90.45115595,1.02906718,0.002388738,7146.050569,0
1802,222.6183056,132.2413852,294.393531,1.040227099,0.019109905,298.1567635,25797.46307,76916.88097,1.046520392,0.003583107,131.2186533,56.9335059,1.032128002,0.012341814,323.2251064,562.1322524,1.026840669,0.023887381,0,454.1362693,0,1.065993752,0.000398123,18909.75228,0
1803,28.28427125,25.80319712,7.298246263,1.033838638,0.000796246,0,244645.2725,0,1.07637477,0.000398123,9.116056882,65.36809936,1.040694988,0.001194369,85.22897575,101.0792949,1.019303885,0.02110052,0,0,0,0,0,31835.58687,0
1804,0,20.64255769,0,1.009624609,0.000398123,0,247308.1624,0,1.046520164,0.000398123,108.5126721,68.80852564,1.046778165,0.001194369,107.3793079,152.9442655,1.019954772,0.009953076,70.71067812,41.28511539,29.19298505,1.006342788,0.000796246,43696.47552,0
1805,80.63111937,28.38351683,22.88594733,1.01241308,0.001592492,0,243561.5382,0,1.073925125,0.000398123,24.74358297,24.08298398,1.025767295,0.001194369,135.6305942,264.5038657,1.025391996,0.015128675,0,10.32127885,0,1,0.000796246,35132.53743,0
1806,0,0,0,0,0,0,243262.2211,0,1.072758706,0.000398123,54.00617249,41.28511539,1.043457972,0.001592492,165.567818,325.1474645,1.023765263,0.014730552,0,485.1001058,0,1.027930706,0.000398123,37069.67666,0
1807,0,103.2127885,0,1.050954208,0.000398123,0,242250.7358,0,1.102665455,0.000398123,50.49927817,28.38351683,1.018393941,0.003184984,100.5895224,126.4731603,1.027063224,0.021896766,85.40145512,112.1578968,95.7844759,1.067581811,0.005971845,27072.06838,0
1808,144.6608403,91.4840625,132.3416135,1.042533089,0.008758706,141.3968327,119040.4696,168319.4536,1.065126406,0.000796246,92.72082167,35.65532692,1.029667447,0.008758706,187.3525252,294.435877,1.025028806,0.02110052,73.94973661,123.2102662,91.11366735,1.076901833,0.006369968,22189.54978,0
1809,84.27360688,24.08298398,20.29559924,1.010463613,0.002388738,305.3543966,93.20746714,284.6130989,1.040414151,0.039016056,775.1806611,2550.354709,1.024521504,0.024683627,896.3285376,2139.386075,1.042123042,0.139741181,0,0,0,0,0,7064.70192,1
1810,92.17425752,33.02809231,30.44339886,1.015082512,0.001990615,164.7913008,51.03298985,84.09792782,1.035024433,0.035831072,726.8110056,2706.239314,1.029467429,0.021896766,1070.0716,2565.47353,1.039235952,0.16203607,0,0,0,0,0,6553.245146,1
1811,97.52240077,58.83128943,57.37368585,1.036964788,0.00398123,639.2677882,204.3006078,1306.027977,1.022936972,0.027072365,916.0665381,1494.169814,1.031826948,0.037423564,630.5173332,1902.342449,1.045570244,0.127001244,0,0,0,0,0,6194.461148,1
1812,90.41951711,44.5444666,40.2768916,1.025759045,0.007564337,276.6887301,73.55269241,203.5120106,1.036488271,0.075643374,792.9158877,1245.706823,1.040906786,0.040210425,969.3619723,3369.627088,1.046067648,0.126603121,0,0,0,0,0,4633.157251,1
1813,0,20.64255769,0,1.009624609,0.000398123,118.8328941,38.95919339,46.29633703,1.03052018,0.028266735,926.0264667,416.3949406,1.045199031,0.092762664,1105.80309,10799.19276,1.040488513,0.061709068,0,0,0,0,0,6837.775297,0
1814,0,0,0,0,0,310.000901,616.0513312,1909.764677,1.05140081,0.006369968,500.6071695,147.7121429,1.044864924,0.115057553,617.808419,31465.93506,1.038433404,0.015526798,0,0,0,0,0,10618.8706,0
1815,0,0,0,0,0,175.0952813,7998.991106,14005.85598,1.042652298,0.002388738,162.7664542,63.9808307,1.040687048,0.074050882,428.0687149,42905.53367,1.049602871,0.007564337,177.3401647,211.5862164,375.2273445,1.013974169,0.001592492,12991.61166,0
1816,0,0,0,0,0,171.6629924,2221.655272,3813.75992,1.044428834,0.003184984,185.9379303,80.91882616,1.041237538,0.019906151,223.3426779,102451.5114,1.040858068,0.001990615,0,0,0,0,0,28862.21359,0
1817,0,0,0,0,0,517.7703455,2003.751721,10374.83221,1.03883783,0.011545568,195.893971,65.21687183,1.035267639,0.07245839,405.4438594,21551.20051,1.03297636,0.013536183,157.3168212,79.12980449,124.484493,1.0220484,0.002388738,8756.801015,0
1818,0,0,0,0,0,415.2976789,1679.788132,6976.121124,1.035217795,0.009554953,208.0950948,137.7793355,1.049709012,0.04220104,537.4009715,32959.32509,1.034414203,0.012739937,0,0,0,0,0,14888.3518,0
1819,0,0,0,0,0,0,51.60639423,0,1.044685061,0.000398123,38.49001795,15.48191827,1.016566237,0.001592492,0,0,1.004359957,0.000398123,0,0,0,0,0,102487.6322,0
1820,0,0,0,0,0,322.7355026,174.4787615,563.1049078,1.039383911,0.02508175,508.1171725,109.3862637,1.037840685,0.042599163,386.1349676,58752.86517,1.039047431,0.005971845,117.260394,41.28511539,48.41108896,1.021151121,0.002388738,16467.61202,0
1821,0,0,0,0,0,73.89880886,52.14961944,38.53794759,1.030640018,0.007564337,429.8521334,333.5063227,1.046270575,0.044589778,558.6973375,37159.4996,1.033535684,0.012739937,0,0,0,0,0,16494.45601,0
1822,0,0,0,0,0,146.4198189,99.77236218,146.0865121,1.046904093,0.001194369,265.2817772,174.8166605,1.041774457,0.050959747,299.2683956,75981.84897,1.060888525,0.003583107,0,0,0,0,0,19261.18926,0
1823,0,0,0,0,0,0,20.64255769,0,1.056640337,0.000398123,485.7033366,141.6885617,1.041131803,0.067282791,484.9551656,45911.6416,1.04520007,0.009554953,0,0,0,0,0,16158.22465,0
1824,54.54545455,28.38351683,15.48191827,1.019662843,0.001592492,72.88689869,41.28511539,30.09144022,1.027105724,0.001990615,455.0374177,257.4863529,1.0474041,0.090373926,771.9963325,24350.69815,1.029167129,0.024285504,0,0,0,0,0,11073.64566,0
1825,41.65977905,37.8446891,15.76601386,1.037420306,0.001194369,93.44481298,26.04894185,24.341385,1.016388566,0.008360583,985.5202501,574.2384231,1.047126237,0.065690299,1189.708441,11163.81838,1.039884511,0.066088422,0,0,0,0,0,8543.573288,1
1826,46.25924443,46.44575481,21.48545525,1.04775034,0.001592492,44.26266681,24.08298398,10.65977096,1.035911889,0.002388738,1113.736681,610.724814,1.041322041,0.069671529,956.822069,6467.376823,1.0424487,0.084800204,0,0,0,0,0,6528.676087,1
1827,0,10.32127885,0,1,0.000398123,108.4498208,50.45958547,54.72333003,1.036187997,0.003583107,401.1145532,180.6657465,1.045019753,0.094753279,611.4748463,33422.79921,1.03308874,0.015128675,0,10.32127885,0,1,0.000398123,12172.97285,1
1828,0,10.32127885,0,1,0.000398123,53.88887898,23.92660096,12.89377704,1.025851477,0.008758706,838.5320145,452.2681645,1.040376675,0.087985188,1055.632639,12725.04763,1.038652349,0.049765378,0,10.32127885,0,1,0.000398123,7946.194022,1
1829,20.20305089,36.12447596,7.298246263,1.028633675,0.000796246,61.71303909,22.36277083,13.80074551,1.024203703,0.004777476,856.5415045,855.3986188,1.033075628,0.045386024,877.9499416,8413.097832,1.039883914,0.063699684,0,0,0,0,0,7770.998849,1
1830,0,0,0,0,0,0,20.64255769,0,1.033132473,0.000796246,600.0372789,1262.342751,1.044170696,0.032646088,892.8546463,8584.742306,1.04136738,0.058524084,140.9569183,3142.829409,4430.035482,1.021076989,0.000796246,8158.531425,1
1831,0,0,0,0,0,90.46150598,43.42055239,39.27888559,1.044275313,0.023091135,434.5036252,320.673695,1.038360331,0.06330156,654.7493143,28298.87335,1.032015511,0.017915536,178.7967881,794.7384712,1420.966861,1.048312244,0.001592492,11683.18652,1
1832,0,0,0,0,0,86.52231568,33.77873077,29.22614007,1.028551,0.004379353,605.6412543,111.1055311,1.037645169,0.067680914,371.0642341,50012.46682,1.037187867,0.005573722,0,43225.51581,0,1.052438623,0.000398123,13715.91613,1
1833,0,0,0,0,0,101.2739367,30.96383654,31.35829622,1.024805236,0.005573722,372.82111,225.2515895,1.043401352,0.049765378,373.3667448,54137.88793,1.035864927,0.005573722,169.7910686,6529.929084,11087.23637,1.060586481,0.001194369,16285.45252,1
1834,0,0,0,0,0,53.96295025,19.84861317,10.71089725,1.023574599,0.005175599,799.4855051,371.7724641,1.03187093,0.059718453,801.9569134,23195.98509,1.029168408,0.026674242,216.2012908,194.6298297,420.7922041,1.050227628,0.002786861,12545.55381,1
1835,0,0,0,0,0,63.40490747,25.40622485,16.10879336,1.023386966,0.005175599,747.5415492,259.2760539,1.035979544,0.089179557,817.4827302,18322.05816,1.035708975,0.03423858,0,20.64255769,0,1.009624609,0.000398123,9576.866613,1
1836,0,0,0,0,0,58.82822554,24.47617555,14.39889976,1.018963972,0.013934306,649.0851853,220.7126674,1.038535297,0.080818973,708.4000135,28546.7571,1.032461323,0.020304274,0,0,0,0,0,12044.51257,1
1837,0,0,0,0,0,0,0,0,0,0,195.9002345,80.26152366,1.041965813,0.03025735,141.4094446,173282.261,1.048897926,0.000796246,0,0,0,0,0,27739.98738,0
1838,0,0,0,0,0,102.8004513,84.86384829,87.24041908,1.056272971,0.003583107,430.2343355,211.2175993,1.031021049,0.011147445,244.7876523,99738.65172,1.024499289,0.002388738,0,30.96383654,0,1.022753969,0.000398123,36818.12634,0
1839,0,0,0,0,0,141.4231773,40.34681731,57.05975098,1.020789808,0.008758706,463.7527129,204.7053638,1.043633497,0.040608548,445.2415265,50995.84125,1.035827966,0.00796246,204.6552535,42.57527524,87.13253748,1.011156503,0.003184984,18506.30883,0
1840,0,0,0,0,0,134.6497144,46.15364314,62.14574869,1.035138553,0.02110052,521.3248321,177.6266916,1.03685266,0.081615219,442.6285108,45237.21061,1.050510102,0.00796246,320.2961576,527.7613917,1690.399459,1.037305238,0.005971845,11846.80865,0
1841,0,0,0,0,0,58.32981111,26.835325,15.65299438,1.024397389,0.001990615,119.694467,50.84185506,1.030600191,0.010749322,173.1816915,132367.1142,1.021894599,0.001194369,0,20374.20444,0,1.067816251,0.000398123,38258.76216,0
1842,0,0,0,0,0,0,0,0,0,0,0,0,0,0,0,0,1,0.000398123,0,0,0,0,0,0,0
1843,0,0,0,0,0,161.0943373,62.26061756,100.2983293,1.039126136,0.012341814,210.4567538,107.0532643,1.045754972,0.03423858,264.41486,90103.1694,1.033677654,0.002786861,192.698392,376.7266779,725.9462507,1.026047524,0.001592492,21065.1198,0
1844,0,0,0,0,0,148.6044049,40.0941986,59.58174521,1.029852797,0.031053596,754.0451413,183.8477795,1.039263926,0.095549525,705.1755828,27350.76166,1.036990439,0.020304274,0,6120.518356,0,1.056744237,0.000398123,10215.18986,0
1845,0,0,0,0,0,84.52921377,32.94869786,27.85127525,1.02755444,0.010351199,304.9971659,80.43225158,1.035951298,0.111474446,299.4954691,75805.94556,1.040919716,0.003583107,0,0,0,0,0,12813.7828,0
1846,0,0,0,0,0,135.8731829,51.33946461,69.75656464,1.033748295,0.046182271,914.5563221,207.7921574,1.035096658,0.114261307,836.7698874,21270.72176,1.038111653,0.029062981,0,20.64255769,0,1.009624609,0.000398123,8446.757465,0
1847,0,10.32127885,0,1,0.000398123,563.0133327,109.2156687,614.8987764,1.038968201,0.134167458,1204.255333,610.954862,1.037231831,0.076041497,984.2937305,2958.037731,1.040875309,0.129389982,0,0,0,0,0,3945.397901,1
1848,0,0,0,0,0,395.8955721,209.6237197,829.8910242,1.047259612,0.113066938,1002.568287,1133.25977,1.034222207,0.049367255,451.6696675,581.2582493,1.043070017,0.15805484,47.14045208,15.48191827,7.298246263,1.028320168,0.000796246,4497.957499,1
1849,0,20.64255769,0,1.056640337,0.000398123,1009.238613,504.6815974,5093.441554,1.040854892,0.085198327,1149.25038,514.8019519,1.043794425,0.091170172,212.092653,161.4107538,1.039843377,0.132176843,0,0,0,0,0,4181.541048,1
1850,42.76179871,25.80319712,11.03391121,1.016284896,0.003184984,621.5639283,4411.465622,27420.07902,1.044648609,0.016323044,473.3982585,149.4631516,1.046338365,0.178757237,113.6435553,41.63961223,1.025450887,0.031849842,0,61.92767308,0,1.053520547,0.000398123,7323.22654,0
1851,81.5364915,39.22085962,31.97931287,1.027502095,0.005971845,557.0995864,5938.928356,33085.74531,1.042761912,0.012739937,904.2443672,141.514027,1.04241764,0.168007915,110.1514109,32.48295508,1.022620233,0.011147445,0,0,0,0,0,8476.045396,0
1852,30.98386677,17.20213141,5.329885478,1.014252361,0.002388738,551.4261499,5940.728337,32758.72955,1.026657306,0.012341814,390.9318728,180.5801948,1.043786904,0.146111149,89.97020763,28.78683563,1.024477333,0.00796246,0,0,0,0,0,8877.109112,0
1853,85.08899497,33.84772328,28.80068756,1.022216556,0.027072365,789.529906,1423.388608,11238.07874,1.038298759,0.039016056,873.7124985,453.5554181,1.040930659,0.091966418,146.0677201,105.2968335,1.043261737,0.025479873,0,0,0,0,0,5892.654569,0
1854,188.1661199,80.57634736,151.6173864,1.032555527,0.035034826,808.7376354,1034.317247,8364.912845,1.039981492,0.039414179,757.8442173,916.8865381,1.040268999,0.052950362,350.2638807,566.8706945,1.043412583,0.048571009,0,0,0,0,0,5502.045511,1
1855,160.1798389,63.259451,101.3288867,1.026584181,0.012341814,531.5673606,898.9275968,4778.4057,1.042490748,0.029461104,746.2261015,1990.185415,1.049017553,0.027072365,639.6584384,1630.538563,1.044718928,0.073652759,70.71067812,103.2127885,72.98246263,1.032870597,0.000796246,6901.603719,1
1856,251.9723692,145.3742388,366.3029138,1.041399092,0.04220104,699.1213713,1349.077156,9431.686712,1.039860741,0.028664858,1039.517526,477.9036178,1.043964206,0.086790819,259.9126735,473.647632,1.052385417,0.075245251,0,10.32127885,0,1,0.000398123,4493.000119,1
1857,144.3601284,140.5659881,202.9212409,1.04713382,0.016721167,1012.918007,1355.444042,13729.53678,1.044146225,0.048969132,311.1155349,132.1045501,1.044881934,0.105104478,547.7104505,1294.676446,1.043366185,0.073254636,109.9943882,92.89150962,102.1754477,1.038723262,0.000796246,6185.121461,1
1858,0,0,0,0,0,786.6907001,401.6477144,3159.725217,1.039350347,0.093160787,865.3875456,356.4240426,1.039086157,0.066486545,746.4073051,3857.237928,1.037226456,0.075245251,0,0,0,0,0,3374.013715,1
1859,0,0,0,0,0,1123.124348,867.9927425,9748.637829,1.040106524,0.061310945,424.6185784,351.0173106,1.044611647,0.043793532,834.1408113,2753.567068,1.040120807,0.095151402,0,0,0,0,0,5753.465708,1
1860,0,0,0,0,0,708.4518848,817.9278379,5794.625184,1.036724529,0.030655473,368.2380926,477.986792,1.052071264,0.029461104,755.4710865,12972.64187,1.037965351,0.035432949,0,0,0,0,0,8594.905385,0
1861,0,0,0,0,0,607.3023676,371.2121661,2254.380273,1.046567574,0.069671529,173.7162999,126.4356659,1.051287467,0.036627318,728.0001171,19253.77955,1.033469507,0.026276119,0,30.96383654,0,1.022753969,0.000398123,8713.501669,0
1862,0,0,0,0,0,448.5166232,374.3222891,1678.897691,1.039507293,0.070069652,291.5977065,230.9086105,1.044142741,0.06847716,921.0204022,14076.04492,1.034926254,0.037821687,57.26934951,24.51303726,14.03845698,1.033811081,0.006369968,6493.829336,0
1863,0,0,0,0,0,608.0338943,315.1175628,1916.021589,1.031457825,0.06449593,416.343324,110.5270806,1.035495172,0.101123248,792.6680909,20447.17301,1.031713862,0.026276119,80.1475316,62.28357925,49.91875136,1.058766073,0.011545568,7430.11191,1
1864,0,0,0,0,0,786.3354102,243.341562,1913.48087,1.04675568,0.129788105,297.3112091,133.270682,1.046309717,0.127001244,877.6275974,8799.131385,1.036815213,0.05135787,0,0,0,0,0,3810.412718,1
1865,0,0,0,0,0,240.478322,133.3848557,320.7616628,1.048441389,0.145314903,367.4002226,119.4586685,1.037892716,0.13177872,904.9410019,16170.77345,1.026360492,0.036229195,63.63636364,113.5340673,72.24895193,1.032083701,0.001194369,5498.871025,0
1866,0,0,0,0,0,323.9061728,188.5689685,610.786529,1.049405303,0.154869856,392.6351708,237.9801937,1.047542232,0.118242538,863.478074,4717.9805,1.047052102,0.077633989,141.168893,149.6585433,211.2713089,1.028691539,0.001592492,2315.425842,0
1867,0,0,0,0,0,1033.060029,684.9200643,7075.635413,1.042016371,0.069671529,540.7424208,330.4756642,1.048405849,0.105502601,479.6293551,589.6992315,1.038486065,0.140537427,157.1439304,56.76703366,89.20594789,1.017547217,0.002388738,3489.007075,0
1868,0,0,0,0,0,786.9034747,1833.059123,14424.40593,1.031780108,0.033840457,861.5232385,293.9668726,1.03920017,0.09754014,264.795612,221.690336,1.035235776,0.107095093,178.0959905,68.80852564,122.5452253,1.023018225,0.004777476,5619.223028,0
1869,0,0,0,0,0,1395.55109,498.3986766,6955.408162,1.042120029,0.103511986,292.3612684,126.1489637,1.037367814,0.103910109,1048.831443,3772.058393,1.044160144,0.09754014,63.69826351,27.86745289,17.75108357,1.02067636,0.00796246,4522.71078,0
1870,0,0,0,0,0,485.9232622,91.19949669,443.1595694,1.040129629,0.242855043,84.20404749,34.95473103,1.027150786,0.029859227,411.4196846,46672.68213,1.033279574,0.006768091,28.57142857,18.06223798,5.160639423,1.030726321,0.001592492,7251.967724,0
1871,0,0,0,0,0,605.2032241,125.2486271,758.0087296,1.045740125,0.224143261,151.1253016,50.08620588,1.039281977,0.05135787,543.124749,31537.9044,1.038422665,0.011943691,0,0,0,0,0,6461.398438,0
1872,107.7978217,61.92767308,66.75668263,1.029111132,0.005175599,1288.361086,886.0791151,11415.89851,1.040823036,0.076837743,186.2676272,77.73213131,1.046666855,0.025479873,788.4129187,7771.24525,1.052917422,0.029461104,88.85433786,30.10372997,26.74846994,1.031012349,0.019109905,8685.315521,0
1873,401.5298371,446.4338224,1792.564999,1.042527319,0.053348485,638.5586957,4439.132883,28346.46904,1.038538306,0.016721167,139.7045616,36.64928675,1.024255511,0.046978517,126.2319146,230.1745462,1.031946247,0.001194369,0,41.28511539,0,1.062712868,0.000398123,10701.8195,0
1874,546.6421025,2166.198247,11841.35164,1.048581118,0.025877996,937.2568495,781.4336977,7324.040856,1.036912585,0.050959747,182.6513967,46.62547857,1.026630902,0.080022727,103.7089946,401.4035445,1.042272677,0.000796246,0,206.4255769,0,1.07111787,0.000398123,6359.008519,0
1875,818.6584816,772.1977473,6321.662352,1.031858865,0.034636703,834.8570903,1572.204598,13125.66156,1.040234711,0.039016056,178.1426522,98.93550174,1.040937148,0.044191655,384.0651645,2350.677889,1.022609435,0.011943691,140.9583634,192.6638718,271.5758405,1.017248073,0.001194369,7891.586369,0
1876,518.4973888,378.5077835,1962.552974,1.042096806,0.044987901,414.8443875,11081.61305,45971.4498,1.052086445,0.007166214,202.5445442,50.31623438,1.02864293,0.015924921,212.0569892,856.1676739,1.020221095,0.006768091,0,61.92767308,0,1.053520547,0.000398123,14266.93963,0
1877,833.3779363,789.8145583,6582.140267,1.037479359,0.043395409,503.1552759,3017.386174,15182.13773,1.038737035,0.020702397,123.1444134,66.45206929,1.033470052,0.029062981,116.0878382,474.7768236,1.039846255,0.003184984,50,20.64255769,10.32127885,1.010792859,0.001194369,8278.468095,0
1878,557.2982905,482.9951081,2691.723481,1.04669992,0.060514699,725.0695027,2799.024051,20294.86977,1.036722405,0.023091135,172.9588344,74.56048833,1.036152344,0.07643962,143.5412193,259.2675663,1.024076146,0.001592492,93.67116846,63.64788622,59.61971873,1.023696246,0.002388738,7785.546891,0
1879,126.6778043,86.58406144,109.6827879,1.037380038,0.014332429,0,239618.8097,0,1.111330689,0.000398123,109.2517084,42.14522196,1.024693661,0.004777476,112.5074967,158.3905779,1.027830105,0.019906151,108.4097569,149.6585433,162.2444629,1.052829443,0.002388738,23373.95245,0
1880,0,0,0,0,0,0,242281.6996,0,1.089971665,0.000398123,71.14761747,45.41362693,1.03125633,0.001990615,79.13620482,114.3501572,1.022750565,0.023887381,0,0,0,0,0,29806.17925,0
1881,49.9306999,21.78936645,10.87958317,1.008264641,0.003583107,199.7811706,59731.82101,119332.9312,1.033538577,0.001592492,180.9068067,51.60639423,1.023312349,0.004777476,199.3264707,602.4961965,1.026029619,0.011147445,168.6953358,990.8427693,1671.505537,1.055662737,0.001194369,31876.75495,0
1882,79.30367894,32.57653636,25.83439181,1.023429453,0.012739937,0,237430.6986,0,1.102285219,0.000398123,30.98740839,55.73490577,1.04658629,0.001990615,263.0725942,737.4360212,1.024580142,0.017517413,88.19171037,30.96383654,27.30753704,1.027723466,0.001194369,25740.92768,0
1883,55.92469952,23.2228774,12.98732441,1.004812305,0.001592492,0,239814.914,0,1.099935457,0.000398123,50,20.64255769,1.010792859,0.001194369,175.201202,329.3690124,1.028249167,0.022294889,38.56946079,340.6022019,131.3684327,1.026412647,0.000796246,29499.2757,0
1884,68.29292191,18.57830192,12.68766522,1.014949384,0.00398123,477.7448083,285.595857,1364.41938,1.039680896,0.067680914,1096.451022,812.7680469,1.043949124,0.062903437,1040.215483,2103.856048,1.037757958,0.145713026,0,0,0,0,0,4532.512691,1
1885,50,20.64255769,10.32127885,1.026711235,0.005175599,665.1302219,173.0560288,1151.047948,1.035973337,0.052950362,1103.475628,291.6449359,1.045386477,0.119436907,1124.850138,9995.529114,1.043435771,0.062903437,0,0,0,0,0,5614.393369,1
1886,86.08119597,39.22085962,33.76178503,1.036887558,0.001990615,310.614798,122.9378992,381.8633071,1.036916463,0.053746608,825.7071155,336.1576321,1.045171397,0.083207712,1064.845098,13981.75486,1.039937623,0.049765378,0,0,0,0,0,7409.898524,1
1887,0,0,0,0,0,273.5179334,333.0500467,910.951605,1.048505336,0.016323044,275.4721234,163.3766987,1.046276318,0.062903437,512.0350367,37327.48741,1.041739345,0.011545568,4.876598491,149.6585433,7.298246263,1.063488095,0.000796246,13274.76564,0
1888,0,0,0,0,0,205.2569069,692.1328168,1420.650411,1.061634617,0.006768091,201.4112175,61.20518356,1.032120183,0.039812302,223.0628828,104077.5122,1.060333804,0.001990615,0,0,0,0,0,21074.19224,0
1889,0,0,0,0,0,360.7556914,4268.880931,15400.23092,1.032104148,0.005971845,299.8985359,109.8851303,1.043631982,0.039414179,519.3362784,32287.63518,1.045012134,0.011147445,113.6270102,182.342593,207.1904367,1.051286211,0.004777476,14558.03137,0
1890,0,0,0,0,0,374.7686196,2153.808042,8071.796667,1.056803169,0.013536183,447.2525507,264.2247385,1.039907867,0.031849842,349.4845265,15544.65724,1.044321537,0.013934306,62.80627436,378.446891,237.6883927,1.072511619,0.001194369,8502.920829,0
1891,0,0,0,0,0,102.3143277,1160.111742,1186.96053,1.081906841,0.001990615,258.1827932,86.13352942,1.041053422,0.033442334,297.6905551,78769.86913,1.061405523,0.003583107,0,0,0,0,0,23879.46197,0
1892,0,0,0,0,0,0,0,0,0,0,0,0,0,0,0,0,1,0.000398123,0,0,0,0,0,0,0
1893,0,0,0,0,0,74.68943966,22.70681346,16.95959174,1.022190001,0.001990615,132.6478199,45.36158686,1.033545056,0.04737664,141.3975899,173683.6646,1.056969731,0.000796246,0,0,0,0,0,21880.05998,0
1894,0,0,0,0,0,0,0,0,0,0,108.4104697,42.89485612,1.037195519,0.043395409,0,0,1.096871822,0.000398123,0,0,0,0,0,23499.10438,0
1895,0,0,0,0,0,179.2233977,220.9967941,396.0779633,1.049442077,0.006768091,96.01288765,35.97910584,1.031226895,0.056533469,199.8523437,121066.8843,1.053062199,0.001592492,0,0,0,0,0,18965.05248,0
1896,0,0,0,0,0,28.28427125,25.80319712,7.298246263,1.048259206,0.000796246,285.6019835,176.2262796,1.031393492,0.010749322,244.3825913,100347.1276,1.042241626,0.002388738,0,0,0,0,0,41539.78926,0
1897,0,0,0,0,0,127.4911762,73.72342033,93.99085569,1.039598828,0.008360583,564.791513,500.5820241,1.03400927,0.020702397,422.0252045,52424.9521,1.04138712,0.007166214,0,0,0,0,0,23387.47867,0
1898,0,0,0,0,0,171.9530511,34.65000756,59.58174521,1.017033951,0.005573722,795.5217949,268.35325,1.039427096,0.057329715,608.7431201,32271.09721,1.043165394,0.015924921,0,0,0,0,0,14615.74916,0
1899,0,0,0,0,0,0,0,0,0,0,687.4766342,319.6337091,1.04379351,0.037821687,640.4876539,30091.12381,1.033258166,0.018711782,0,0,0,0,0,17403.96004,0
1900,0,0,0,0,0,0,0,0,0,0,261.114999,127.6398151,1.039371102,0.011943691,199.9332364,123633.439,1.029866711,0.001592492,0,0,0,0,0,42390.40055,0
1901,0,0,0,0,0,0,0,0,0,0,644.2923386,130.2419938,1.042392832,0.072060267,572.7608024,38342.09748,1.037490939,0.013536183,0,0,0,0,0,15266.153,0
1902,0,0,0,0,0,65.46536707,24.08298398,15.76601386,1.014712664,0.001194369,765.1505502,373.1326612,1.043669271,0.089179557,939.6795471,16746.75666,1.038203653,0.037423564,0,0,0,0,0,9359.67498,0
1903,123.7436867,82.57023077,102.1754477,1.046368943,0.000796246,113.8239519,36.12447596,41.11830616,1.02907479,0.012739937,758.2655857,702.819256,1.045709036,0.054940977,1062.503528,11519.3815,1.044801971,0.056135346,0,0,0,0,0,8492.23205,1
1904,115.9202312,41.28511539,47.8578012,1.026771242,0.001990615,95.67424961,45.0876918,43.1373108,1.042469321,0.007564337,661.868836,553.410675,1.040398861,0.060514699,1172.584926,12557.78901,1.03881527,0.061709068,0,0,0,0,0,8934.984357,1
1905,17.67766953,82.57023077,14.59649253,1.06030508,0.000796246,81.76505129,43.496818,35.56519554,1.039584033,0.005573722,974.6075643,551.8338705,1.042318746,0.052154116,863.8864661,13264.70181,1.036493211,0.046182271,0,0,0,0,0,9584.565437,1
1906,0,0,0,0,0,163.5966026,59.49913688,97.33856654,1.03483845,0.006768091,728.6187912,244.3328192,1.042842663,0.065690299,637.0356366,31829.37054,1.039495818,0.016721167,0,0,0,0,0,13859.34442,1
1907,0,0,0,0,0,158.78284,59.34735337,94.23341314,1.038166656,0.003184984,481.0239475,164.7602039,1.038003775,0.075643374,411.462554,52907.87975,1.024131397,0.006768091,0,805.05975,0,1.111902918,0.000398123,14852.95628,1
1908,0,0,0,0,0,69.47969899,23.45745192,16.29816699,1.022664988,0.008758706,310.4732898,117.1564392,1.043940298,0.082809589,315.9552719,71482.48921,1.033242894,0.00398123,84.85281374,25.80319712,21.89473879,1,0.000796246,14529.38597,1
1909,0,0,0,0,0,77.7027027,30.55098539,23.73894135,1.031039445,0.009953076,896.107895,187.3501244,1.037035724,0.076041497,608.7730666,34384.6232,1.029338923,0.015128675,0,0,0,0,0,13373.81981,1
1910,0,0,0,0,0,208.174086,121.9201064,253.8060671,1.029079528,0.006369968,441.8705853,297.0478692,1.050365641,0.056135346,554.2969597,31024.45575,1.034272042,0.013934306,291.2004742,1271.810916,3703.519418,1.027745383,0.003583107,13016.77255,1
1911,0,0,0,0,0,47.14045208,15.48191827,7.298246263,1.004812305,0.000796246,293.6646091,218.2213242,1.039136458,0.005573722,223.4323803,110863.8312,1.021322185,0.001990615,0,0,0,0,0,54071.63228,0
1912,0,0,0,0,0,112.0738758,58.4872468,65.54892433,1.026368613,0.001194369,248.9835803,445.4028795,1.06138808,0.005175599,243.9578836,99484.49463,1.050583748,0.002388738,79.44581223,134.176625,106.5977096,1.053530367,0.001592492,47772.15214,0
1913,0,0,0,0,0,0,0,0,0,0,0,20.64255769,1.009624609,0.000398123,0,0,1.000888049,0.000398123,0,0,0,0,0,177580.9281,0
1914,0,0,0,0,0,104.0278776,350.9234808,365.0582489,1.100262667,0.001194369,288.9948833,870.7406154,1.043174871,0.004379353,444.0886908,53132.66473,1.039686943,0.00796246,157.4965393,251.8392039,396.6380308,1.061961792,0.001990615,38029.42268,0
1915,0,0,0,0,0,0,0,0,0,0,188.5677008,309.6383654,1.061488566,0.004379353,264.4591533,93401.5297,1.016599637,0.002786861,143.9042639,182.342593,262.3987662,1.067101193,0.001194369,53886.43394,0
1916,0,0,0,0,0,113.8357584,44.72554167,50.91365954,1.045526087,0.001194369,228.1915859,139.4572793,1.040069464,0.01711929,223.5360364,109360.226,1.020301371,0.001990615,160.8332893,144.4979039,232.4007317,1.034775172,0.001194369,33263.61066,0
1917,0,0,0,0,0,306.5404761,81.48378037,249.7807683,1.047888795,0.022693012,420.3483149,197.0570315,1.046394009,0.051755993,543.9706506,39840.29877,1.033942899,0.011943691,0,1197.268346,0,1.100855449,0.000398123,14787.10828,0
1918,0,0,0,0,0,162.7198388,49.78499208,81.01005885,1.029710284,0.013536183,563.9036647,246.4964242,1.044911247,0.081217096,780.8894926,24427.5246,1.032373031,0.02508175,184.6498828,531.5458606,981.4988087,1.03971358,0.001592492,11152.97433,0
1919,0,0,0,0,0,133.1812784,43.45041864,57.86782303,1.032135917,0.056931592,831.1872399,388.113741,1.039950935,0.073254636,956.5309217,16938.59923,1.042286563,0.039016056,0,10.32127885,0,1,0.000398123,8390.888649,1
1920,0,0,0,0,0,109.980535,40.36951807,44.39861195,1.032810945,0.049367255,519.638438,559.6771657,1.041447309,0.052950362,931.680944,17581.68326,1.029665586,0.036229195,0,10.32127885,0,1,0.000398123,9147.934269,1
1921,0,0,0,0,0,173.1127718,38.87681699,67.3007355,1.028249918,0.035831072,993.5894623,529.3487567,1.034187464,0.08042085,1034.970489,9766.702657,1.040635606,0.05932033,88.92785427,28.89958077,25.69977707,1.017261265,0.001990615,6657.953655,1
1922,0,0,0,0,0,108.5143386,44.08046174,47.8336215,1.03301101,0.019109905,1060.485023,839.5342256,1.04892743,0.058524084,863.1748142,4795.826628,1.046182916,0.080022727,217.6277004,2795.002312,6082.699256,1.02917992,0.001990615,6396.94828,1
1923,0,0,0,0,0,193.7231926,68.65447671,132.9996442,1.03531879,0.080022727,692.9092366,2921.1204,1.039499039,0.020702397,522.4692896,882.4666605,1.041119643,0.119038784,223.1119587,6995.762802,15608.38341,1.00888343,0.001990615,6388.040468,1
1924,0,92.89150962,0,1,0.000398123,733.0184087,608.4992628,4460.411613,1.035059523,0.072060267,866.7317819,556.4847142,1.038447941,0.080818973,221.0045577,180.5887391,1.038155331,0.134167458,146.987047,73.96916507,108.7250914,1.032870986,0.002388738,3386.378137,1
1925,69.2820323,25.80319712,17.87697936,1.021843036,0.001592492,678.0340497,1543.986862,10468.75664,1.046083478,0.032247965,932.9470884,493.4346596,1.041804764,0.084800204,460.6071892,451.4088641,1.033679444,0.083605835,123.3286704,66.05618462,81.46621419,1.027303112,0.001990615,5120.984881,0
1926,74.53603413,40.71171101,30.34489481,1.021103973,0.007166214,741.9059044,2882.715074,21387.03334,1.032555888,0.022693012,701.9706225,255.410694,1.042389721,0.125408752,182.0306279,113.3751904,1.035258627,0.034636703,44.03634862,43.00532853,18.9379764,1.039466147,0.002388738,7482.919726,0
1927,223.8857596,108.0227048,241.8474533,1.04067996,0.041006671,848.0259166,1807.028054,15324.06622,1.027745875,0.030655473,851.5312183,368.6695531,1.038955113,0.100725125,227.8461179,170.6108681,1.03471807,0.040608548,0,0,0,0,0,6197.28611,1
1928,172.037298,102.0774478,175.6112831,1.042031299,0.039812302,597.5342729,999.674379,5973.397032,1.038302267,0.038617933,1004.784752,941.9600458,1.041576776,0.057329715,131.6767554,90.23350269,1.03784574,0.048571009,0,0,0,0,0,5945.177974,1
1929,195.913653,76.54948478,149.970892,1.028694685,0.023887381,793.9756817,1843.163112,14634.26688,1.034870396,0.03025735,1086.385059,549.1260608,1.038305379,0.07245839,150.1426682,117.9985381,1.039075474,0.033044211,0,41.28511539,0,1.034513382,0.000398123,7517.750305,1
1930,78.41381799,49.54213846,38.84788228,1.027923321,0.009953076,1093.338049,859.4184853,9396.349304,1.031006135,0.065690299,920.3041789,439.837522,1.038522222,0.081615219,238.510773,390.2307748,1.044269212,0.042997286,0,299.3170866,0,1.035175024,0.000398123,5961.782382,1
1931,63.5732946,132.7021566,84.36313295,1.07290087,0.002786861,1026.128265,816.5522378,8378.873314,1.035931108,0.056135346,406.3619351,136.8447107,1.040293188,0.117048168,995.6495974,5742.865633,1.041173747,0.065292176,0,288.9958077,0,1.055568483,0.000398123,5032.172152,1
1932,0,0,0,0,0,809.7320495,1300.358262,10529.41761,1.037631278,0.033442334,285.6159136,153.4779996,1.041754357,0.070467775,858.748859,10332.44559,1.043145909,0.037423564,186.9371227,420.592113,786.2427944,1.026451279,0.001592492,7337.371906,1
1933,0,0,0,0,0,461.243248,242.4177288,1118.135406,1.040559451,0.031053596,160.9234672,80.57840503,1.03318427,0.022693012,385.3051795,58483.44138,1.038677214,0.005971845,0,0,0,0,0,18504.80248,0
1934,0,0,0,0,0,615.1055326,637.0367692,3918.448412,1.037542844,0.044191655,133.2594432,52.93817215,1.027851201,0.012341814,533.5366814,17347.36095,1.03655937,0.021896766,0,0,0,0,0,9648.330598,0
1935,0,0,0,0,0,903.2551905,1016.693312,9183.33511,1.043968836,0.043395409,192.902446,93.98619071,1.036589633,0.026276119,569.9974156,6819.671139,1.040906326,0.044589778,66.66666667,30.96383654,20.64255769,1.011336373,0.001990615,7017.422538,0
1936,0,0,0,0,0,403.7870098,295.8766603,1194.711519,1.043470778,0.065690299,110.6009994,58.43665229,1.029274044,0.027072365,462.481136,39830.88293,1.037777588,0.00915683,29.86294496,99.77236218,29.7949656,1.039792949,0.001194369,11912.87225,0
1937,0,0,0,0,0,630.5145948,708.3346226,4466.153175,1.053380229,0.041802917,405.6920059,185.9003065,1.037612264,0.035034826,810.4992884,15297.83637,1.028511428,0.033840457,0,10.32127885,0,1,0.000398123,8878.542352,0
1938,64.28243465,56.76703366,36.49123131,1.015699618,0.000796246,772.9175283,573.9156964,4435.895015,1.037961155,0.062505314,545.5646269,217.0309277,1.040494929,0.086790819,855.3136265,9989.212836,1.035304323,0.038617933,97.69351731,45.15559495,44.11408897,1.037136879,0.003184984,5202.0696,1
1939,0,0,0,0,0,1105.598309,453.2836419,5011.496278,1.043795329,0.091568295,444.6752659,152.5297354,1.04224583,0.109483831,872.5689307,7468.998596,1.040162027,0.047774763,119.8246125,113.0180034,135.4233846,1.069687879,0.00796246,4416.285189,1
1940,0,0,0,0,0,531.341311,115.6530054,614.5121948,1.039602638,0.180349729,259.3123786,103.6041166,1.042143567,0.168007915,882.0564665,15542.92682,1.039381968,0.035034826,0,0,0,0,0,4720.578906,1
1941,0,0,0,0,0,398.6043076,210.8089349,840.2934952,1.050416612,0.161239824,448.481201,222.4876854,1.050254709,0.134565581,695.8855736,2077.893428,1.042673984,0.11983503,121.2183053,361.2447596,437.8947758,1.02528856,0.000796246,1354.696455,0
1942,0,0,0,0,0,665.1389906,349.2432726,2322.953178,1.042948693,0.11983503,885.4563113,413.5197387,1.04828753,0.098336386,470.9938477,533.8591746,1.039780316,0.154073609,0,51.60639423,0,1.044685061,0.000398123,2322.512651,0
1943,0,0,0,0,0,1048.426021,1136.241737,11912.65404,1.037675602,0.050163501,362.7506878,206.7764419,1.048650528,0.140537427,404.7564608,327.1476041,1.039427365,0.169600407,136.4592034,294.1564471,401.4035445,1.064724183,0.000796246,4468.897616,0
1944,0,0,0,0,0,912.8119296,1146.808761,10468.20718,1.04021471,0.050163501,583.4617589,243.6143093,1.054775098,0.102317617,573.4698379,711.7736297,1.043011875,0.141333673,0,10.32127885,0,1,0.000398123,4431.890169,0
1945,0,0,0,0,0,1327.449241,415.4594193,5515.012906,1.037694616,0.110280077,315.2984675,168.6370581,1.050452677,0.09754014,915.0145747,3163.435716,1.041336851,0.109085708,0,51.60639423,0,1.08842573,0.000398123,3751.715824,0
1946,0,0,0,0,0,513.3884677,81.87785169,420.3514482,1.039039855,0.255196857,197.8434168,57.79916154,1.030923146,0.031849842,691.8665514,27395.00674,1.033741409,0.019508028,28.28427125,25.80319712,7.298246263,1.057346502,0.000796246,6911.384845,0
1947,180.8203911,885.0496611,1600.350259,1.049859529,0.001592492,1193.364669,1145.528774,13670.33566,1.03575156,0.061709068,145.8468464,97.47874466,1.049136079,0.02508175,773.1880843,7343.075769,1.031924538,0.026276119,72.07393843,28.61809135,20.62618554,1.030693076,0.017517413,9889.065893,0
1948,317.5427649,654.4248696,2078.078825,1.050629602,0.029461104,592.5637455,5444.187889,32260.28367,1.028455085,0.014332429,164.8494153,47.62416854,1.028079309,0.050561624,85.28028654,44.01008088,1.026551603,0.004777476,0,92.89150962,0,1.041869718,0.000398123,12286.42719,0
1949,382.2294406,212.2233323,811.180056,1.04361924,0.06449593,394.3555693,13238.33028,52206.09275,1.042512004,0.006369968,135.475052,51.84096875,1.033573821,0.017517413,52.00405632,76.48664221,1.029143703,0.001592492,140.0416357,1057.931082,1481.543991,1.035524422,0.000796246,13847.43596,0
1950,825.3072301,728.5962759,6013.157744,1.037917492,0.047774763,931.1393412,1457.558097,13571.89686,1.032214288,0.03821981,260.4106138,81.42342201,1.031702365,0.050163501,269.7920288,3311.141071,1.040837127,0.004379353,94.28090416,30.96383654,29.19298505,1.008481975,0.000796246,7887.639857,0
1951,527.4604254,1006.476471,5308.765076,1.048296688,0.027072365,525.3371405,6259.118386,32881.47355,1.030828942,0.011147445,184.5072065,100.7937387,1.043513445,0.025479873,93.28715386,152.4500986,1.037875993,0.002388738,84.85281374,25.80319712,21.89473879,1.017256691,0.000796246,13815.25237,0
1952,557.8331746,813.879752,4540.091258,1.043933722,0.043793532,737.0493639,1351.379206,9960.33184,1.041380833,0.040608548,136.2911213,72.83317526,1.03506811,0.06330156,173.0418334,1759.222819,1.040554643,0.004777476,0,30.96383654,0,1.022753969,0.000398123,5692.391492,0
1953,509.9846264,409.3089398,2087.412667,1.050073965,0.067282791,591.484238,4526.454179,26773.263,1.034155949,0.014332429,117.9399054,62.53839964,1.038147185,0.067282791,124.0545634,273.8089877,1.036359419,0.010351199,136.4265462,549.0920346,749.1072981,1.055055115,0.001990615,8089.672156,0
1954,190.0784779,126.8657192,241.1444279,1.033645604,0.009554953,0,216323.6833,0,1.154100115,0.000398123,84.2516347,39.22085962,1.024518185,0.009953076,465.9060963,1586.886423,1.029407198,0.035034826,138.0136127,428.3330721,591.1579473,1.035685509,0.000796246,18305.38032,0
1955,0,0,0,0,0,0,236543.0686,0,1.116890249,0.000398123,101.0152545,36.12447596,1.026760273,0.000796246,138.4955849,237.2889574,1.023868684,0.033840457,0,0,0,0,0,25198.73018,0
1956,0,0,0,0,0,0,241786.2783,0,1.092332751,0.000398123,0,30.96383654,1.022753969,0.000398123,156.8123713,239.591689,1.021799857,0.024285504,0,41.28511539,0,1.034513382,0.000398123,30205.56107,0
1957,89.47780763,32.3100903,28.91036045,1.018787109,0.00915683,0,240444.512,0,1.104137385,0.000398123,0,0,0,0,111.2456563,185.2425202,1.02557015,0.023887381,0,0,0,0,0,26221.07451,0
1958,82.13423005,28.89958077,23.73644815,1.028228473,0.00398123,141.3967527,118653.4216,167772.0851,1.059806643,0.000796246,69.86812171,25.06596291,1.020220231,0.005573722,195.5782939,328.4346218,1.022993343,0.029461104,137.7951676,402.529875,554.666716,1.033744685,0.000796246,23483.05146,0
1959,0,20.64255769,0,1.056640337,0.000398123,206.0853024,85.89597618,177.0189822,1.037642826,0.071662144,689.0987417,3515.685607,1.01503565,0.019109905,398.2171615,554.2240297,1.046342882,0.191497174,0,0,0,0,0,6312.681593,1
1960,0,0,0,0,0,473.727136,228.9136613,1084.426132,1.03554679,0.060116576,1209.078561,385.2658654,1.040267607,0.1106782,1308.400563,5685.767241,1.039702066,0.100327002,0,0,0,0,0,4586.636926,1
1961,0,0,0,0,0,341.4411392,323.7357219,1105.366937,1.033536643,0.016323044,424.9826173,108.0698609,1.041914649,0.054144731,507.0831753,43532.69592,1.028822136,0.010351199,0,0,0,0,0,15585.29025,1
1962,0,0,0,0,0,311.8642091,1543.031188,4812.16201,1.061959285,0.006369968,216.3035406,61.41160914,1.032424407,0.015924921,223.3490645,99992.43616,1.039173172,0.001990615,98.54914589,46.44575481,45.77189467,1.022319462,0.001592492,27791.41097,1
1963,0,0,0,0,0,214.0012394,938.298077,2007.969514,1.040535798,0.008758706,104.5370992,43.39376375,1.034715673,0.037025441,172.6482479,130213.0782,1.07235082,0.001194369,43.04128233,118.6947067,51.08772384,1.028930287,0.000796246,20611.3625,0
1964,0,0,0,0,0,168.7982537,439.9445108,742.6186515,1.040426319,0.003184984,77.61160572,32.5693688,1.030644012,0.017915536,223.4544242,109989.1362,1.016019472,0.001990615,70.71067812,41.28511539,29.19298505,1.020013855,0.000796246,31745.42056,0
1965,0,0,0,0,0,0,82.57023077,0,1.008645268,0.000398123,0,20.64255769,1.009624609,0.000796246,0,0,1.00061324,0.000398123,0,0,0,0,0,125506.7542,0
1966,0,0,0,0,0,160.4661179,550.4682052,883.3149592,1.060385516,0.002388738,273.0797919,239.9697332,1.037418624,0.004777476,168.0649408,137250.904,1.026785337,0.001194369,0,0,0,0,0,52292.51754,0
1967,0,0,0,0,0,283.0017892,380.2225949,1076.036747,1.039053604,0.012341814,481.7219294,220.4330268,1.045528151,0.033442334,516.6057657,42132.92821,1.033313749,0.010749322,43.86639209,223.6277083,98.09740736,1.067375809,0.001194369,18191.23908,0
1968,0,0,0,0,0,0,0,0,0,0,0,0,0,0,0,0,1,0.000398123,0,0,0,0,0,0,0
1969,0,0,0,0,0,0,0,0,0,0,213.6055244,101.0956031,1.038103043,0.015526798,0,0,1.065420342,0.000398123,0,10.32127885,0,1,0.000398123,38595.29323,0
1970,0,0,0,0,0,0,0,0,0,0,89.99251092,31.00738624,1.027522665,0.094355156,0,0,1.133922031,0.000398123,0,0,0,0,0,15803.15898,0
1971,0,0,0,0,0,0,0,0,0,0,72.64831573,30.96383654,1.038789369,0.003583107,0,0,1.01119828,0.000398123,0,0,0,0,0,79331.74742,0
1972,0,0,0,0,0,131.6681593,149.6585433,197.0526491,1.039335839,0.000796246,75.4523772,32.84043269,1.022493123,0.004379353,0,0,1.016624618,0.000398123,0,0,0,0,0,66940.23213,0
1973,0,0,0,0,0,179.2125614,249.0008522,446.2408051,1.054174741,0.003184984,74.17688339,27.86745289,1.020863231,0.00398123,0,0,1.030502453,0.000398123,0,0,0,0,0,57075.24796,0
1974,0,0,0,0,0,60.30226892,23.2228774,14.00392198,1.023672151,0.004777476,345.47902,100.5095964,1.030729241,0.016721167,141.4095218,174413.4892,1.036715511,0.000796246,0,0,0,0,0,32952.85309,0
1975,0,0,0,0,0,66.66666667,15.48191827,10.32127885,1.005688492,0.001592492,366.0283163,641.6395016,1.054225615,0.007166214,264.3756549,90479.62325,1.028864965,0.002786861,0,0,0,0,0,44418.43788,0
1976,0,0,0,0,0,315.0288831,262.4106955,826.6694834,1.040926889,0.01313806,438.5191667,393.0687027,1.055209843,0.014332429,460.0074257,47748.41417,1.036480454,0.008758706,0,10.32127885,0,1,0.000398123,23369.0872,0
1977,0,0,0,0,0,226.1126773,167.0757013,377.7793414,1.043639277,0.012739937,407.6333431,402.7405134,1.047395118,0.019508028,553.9994889,39136.02131,1.04599525,0.012739937,70.71067812,20.64255769,14.59649253,1.011376984,0.000796246,20662.58147,0
1978,0,0,0,0,0,24.74358297,48.16596795,11.91798624,1.050248932,0.001194369,400.2869945,663.8211974,1.048122862,0.007564337,358.8822108,65819.42298,1.03176189,0.005175599,0,0,0,0,0,40107.17866,0
1979,0,0,0,0,0,63.76610152,18.92234455,12.06604144,1.013660348,0.002388738,354.1082414,392.293896,1.054504695,0.048172886,562.7255724,35802.98309,1.033951594,0.012739937,0,0,0,0,0,16086.44161,0
1980,0,10.32127885,0,1,0.000398123,38.49001795,15.48191827,5.95899312,1.016566237,0.001592492,486.8360657,241.138776,1.053711872,0.09754014,553.7460863,34301.42493,1.032019754,0.012341814,0,0,0,0,0,11435.08535,1
1981,0,0,0,0,0,0,20.64255769,0,1.056640337,0.000398123,335.4485619,132.3709585,1.044534201,0.184330959,554.4621682,33959.95745,1.030943979,0.012341814,0,0,0,0,0,8504.944548,1
1982,0,0,0,0,0,86.15434005,36.46851859,31.41921152,1.030112748,0.005971845,896.1837905,130.8874263,1.041073757,0.108687585,625.8228209,33622.22887,1.034691272,0.015924921,0,0,0,0,0,11786.69602,1
1983,0,0,0,0,0,61.74560438,29.2436234,18.05665201,1.034793278,0.004777476,1132.045213,342.9726392,1.042851883,0.083207712,861.771128,18378.9556,1.04094296,0.033442334,0,0,0,0,0,10158.54081,1
1984,0,92.89150962,0,1.041869718,0.000398123,84.21138682,49.88618109,42.00984493,1.03911296,0.002388738,562.9869983,335.228313,1.040591412,0.048172886,750.7485558,26743.47059,1.04151551,0.023489258,0,51.60639423,0,1.08842573,0.000398123,15046.54437,1
1985,0,0,0,0,0,123.2365276,47.80381782,58.91176514,1.03458302,0.007564337,362.2237785,209.555255,1.04482062,0.061709068,583.303622,36188.00078,1.044847663,0.013934306,88.18694878,162.5601418,143.356829,1.055551196,0.001592492,14677.69488,1
1986,0,0,0,0,0,93.93119277,42.31724327,39.74909135,1.032151094,0.00796246,722.5650345,404.2708136,1.042336211,0.066088422,860.2504623,18583.29469,1.040380365,0.033442334,165.6292738,588.3128943,974.4183742,1.021414959,0.001194369,10547.87416,0
1987,0,0,0,0,0,24.74358297,24.08298398,5.95899312,1.029672972,0.001194369,458.2205342,122.5135799,1.038788315,0.039812302,315.8026873,75427.80247,1.027577207,0.00398123,0,10.32127885,0,1,0.000398123,22338.53285,0
1988,0,0,0,0,0,0,0,0,0,0,121.0609835,73.39576069,1.042711041,0.003583107,0,0,1.018342865,0.000398123,0,0,0,0,0,79197.60737,0
1989,0,0,0,0,0,0,0,0,0,0,38.56946079,56.76703366,1.052097605,0.000796246,0,0,1.00350829,0.000398123,0,0,0,0,0,144919.734,0
1990,0,0,0,0,0,0,0,0,0,0,218.2983891,99.24306583,1.040019231,0.005175599,0,0,1.030595853,0.000398123,102.7869994,87.7308702,90.17592901,1.030050191,0.001592492,58794.10744,0
1991,0,0,0,0,0,0,0,0,0,0,349.4562269,692.4231852,1.051481259,0.00915683,299.5409953,78297.65605,1.033893139,0.003583107,0,0,0,0,0,41489.12116,0
1992,0,0,0,0,0,108.5499442,45.15559495,49.01637311,1.039637621,0.003184984,479.9542516,356.1623117,1.041512474,0.052552239,706.2879307,28224.36975,1.03144229,0.020304274,0,0,0,0,0,14638.52886,0
1993,0,0,0,0,0,49.85185153,44.72554167,22.29651063,1.044671309,0.002388738,437.8864798,322.3106022,1.042104756,0.071662144,755.4328371,24286.45817,1.035833774,0.023887381,0,0,0,0,0,12043.9721,0
1994,0,0,0,0,0,175.0748799,84.81398704,148.487986,1.040813598,0.018313659,616.9298914,274.475185,1.043427503,0.081217096,692.8829601,25987.76566,1.046874462,0.020304274,0,0,0,0,0,10781.89824,1
1995,0,0,0,0,0,117.9052181,37.99427286,44.79723027,1.031429113,0.027470489,945.1188509,379.7908076,1.03923421,0.07643962,1004.482069,15341.25393,1.04396638,0.045784148,0,0,0,0,0,8857.33652,2
1996,50,20.64255769,10.32127885,1.022559092,0.001194369,109.2496401,30.96383654,33.82787999,1.023126682,0.02508175,806.5398797,510.0108615,1.034884391,0.052950362,779.3265317,16432.42144,1.027796534,0.03423858,0,0,0,0,0,9453.608147,2
1997,0,0,0,0,0,174.5616442,57.102685,99.67938584,1.036186243,0.097938263,710.0361312,532.6757047,1.042053464,0.067282791,759.9476689,8666.301088,1.046299229,0.05135787,0,0,0,0,0,4724.377177,1
1998,47.14045208,15.48191827,7.298246263,1.028320168,0.000796246,132.8348153,45.95758622,61.04767477,1.031549476,0.058922207,1120.673979,468.1597459,1.038074915,0.073254636,814.2983302,9301.090811,1.037891727,0.053746608,199.0360979,667.4426987,1328.451903,1.02329493,0.002388738,5940.221257,1
1999,28.57142857,18.06223798,5.160639423,1.018972389,0.001592492,618.0794665,220.7993824,1364.715645,1.041203857,0.064894053,972.7150614,1270.410486,1.030828871,0.041404794,796.6859541,1903.699068,1.040475131,0.126204998,0,7245.53775,0,1.038387114,0.000398123,5426.541307,1
2000,0,10.32127885,0,1,0.000398123,398.3804288,719.3549086,2865.76917,1.050342314,0.053746608,1104.010881,706.2790401,1.039571728,0.067680914,325.6698017,365.3087741,1.037358628,0.120631276,0,0,0,0,0,4343.546669,1
2001,0,0,0,0,0,673.8073509,1173.996784,7910.476627,1.033398123,0.04220104,1152.125537,551.1562904,1.041209288,0.079624604,186.646158,192.0406958,1.037605235,0.063699684,70.71067812,20.64255769,14.59649253,1.011376984,0.000796246,5605.566916,1
2002,355.1888206,152.3420758,541.1020222,1.040294249,0.019906151,519.9161416,1332.228866,6926.472916,1.040494129,0.031451719,1129.883412,686.4810127,1.036690922,0.070865898,194.4089546,191.1115601,1.036794088,0.065292176,0,0,0,0,0,5555.148061,1
2003,275.1718811,155.0242412,426.5831208,1.037842708,0.060116576,736.5497496,948.534056,6986.425214,1.039698346,0.048172886,690.1684658,362.4706587,1.039079327,0.103910109,616.4735515,760.9732516,1.034298949,0.05932033,0,0,0,0,0,3352.497219,1
2004,183.8928191,161.3872692,296.7795991,1.036479954,0.01313806,706.2715742,1370.975469,9682.810027,1.037542596,0.039812302,737.1017032,294.0417663,1.035046363,0.071662144,635.5571669,2119.942486,1.03754882,0.066486545,47.14045208,61.92767308,29.19298505,1.02543848,0.000796246,4774.262258,1
2005,178.9531264,175.4617404,313.9942701,1.037525767,0.001990615,821.502785,654.9994803,5380.838973,1.0415323,0.066486545,336.1102349,152.494253,1.043759242,0.116650045,1146.321129,5024.335624,1.039667376,0.087188942,78.06247498,82.57023077,64.45636574,1.021784719,0.001194369,3896.517513,1
2006,142.8774773,117.6625789,168.1133244,1.037229373,0.001990615,997.370519,376.6810085,3756.90533,1.041541957,0.089975803,497.6981493,212.2856437,1.043873994,0.108687585,878.8298046,5219.881993,1.044136888,0.072060267,0,0,0,0,0,3504.413984,1
2007,0,0,0,0,0,540.598531,110.8739439,599.382912,1.034773352,0.077235866,862.3811858,254.5183443,1.041619781,0.074847128,662.349046,19115.56675,1.029931754,0.02508175,0,0,0,0,0,7355.6479,1
2008,0,0,0,0,0,708.2554053,341.9378968,2421.793637,1.040945565,0.033840457,312.9900113,121.6905836,1.041322392,0.106298847,597.5413404,30623.5956,1.035350993,0.014730552,0,0,0,0,0,9513.383072,0
2009,0,0,0,0,0,856.5338968,630.6896834,5402.070921,1.038859193,0.041404794,335.4901199,135.2119884,1.043773156,0.127001244,701.8974948,9432.859408,1.035407808,0.04220104,0,0,0,0,0,4872.110547,0
2010,0,0,0,0,0,640.0677297,403.1140983,2580.203258,1.040735996,0.04220104,209.2506507,138.8268715,1.041788728,0.036229195,688.4646513,26433.70859,1.040277035,0.020304274,0,0,0,0,0,12099.46822,0
2011,0,0,0,0,0,324.1694036,217.5408003,705.200715,1.044747272,0.056931592,260.7101243,150.7956333,1.030648046,0.023489258,282.4609005,74042.79763,1.04467803,0.003184984,167.7195139,488.5405321,819.3778057,1.011578914,0.001194369,14351.88958,0
2012,0,0,0,0,0,442.3127293,485.2780589,2146.446627,1.050125332,0.069273406,94.83211777,41.20866147,1.02496278,0.053746608,768.3479661,19925.60274,1.030262073,0.024683627,47.41017375,49.02607452,23.24334711,1.026678214,0.003184984,8182.409599,0
2013,0,0,0,0,0,598.9256914,221.4296582,1326.199111,1.046749034,0.085994573,223.7641522,110.0310878,1.035151913,0.065690299,623.8095193,28846.14337,1.032718801,0.015924921,94.72510405,28.38351683,26.88631585,1.024644197,0.003184984,8855.122191,0
2014,261.5518893,328.4043269,858.9477215,1.052526369,0.021896766,859.3814609,583.508161,5014.560958,1.041629821,0.069273406,653.855767,152.2854392,1.036852842,0.110280077,638.2291571,6006.268273,1.038050469,0.037821687,0,0,0,0,0,3675.492567,1
2015,0,0,0,0,0,882.5348838,1075.590145,9492.458235,1.044698787,0.050959747,376.4258239,238.4256864,1.045976535,0.099132632,447.3206749,1434.883214,1.038139832,0.065690299,158.5102261,150.9487031,239.2691307,1.053939081,0.003184984,4684.211409,1
2016,0,0,0,0,0,409.3558101,137.3933464,562.4276464,1.041581076,0.177562868,392.6127694,196.6949737,1.047762288,0.132176843,899.3511544,7276.479561,1.039120151,0.061310945,0,0,0,0,0,3020.420604,1
2017,0,0,0,0,0,580.0256599,160.5724314,931.361305,1.046433177,0.166415423,907.2128924,215.0763598,1.041045461,0.137750566,1046.27614,6941.40703,1.043040939,0.065690299,58.23232316,87.7308702,51.08772384,1.052709663,0.000796246,3214.364746,0
2018,0,0,0,0,0,436.969498,213.7830629,934.1667767,1.050270894,0.15805484,569.8606715,183.6800889,1.048205538,0.16999853,680.3528492,1900.008372,1.047008151,0.124612506,84.85281374,232.228774,197.0526491,1.039951305,0.000796246,1305.779706,0
2019,0,0,0,0,0,891.7034012,359.8373125,3208.681555,1.041384695,0.113863184,441.685336,209.699531,1.050248363,0.148101764,596.2160198,1006.984501,1.043400608,0.165221054,88.9756521,41.28511539,36.73370064,1.029621096,0.001592492,1849.090192,0
2020,0,0,0,0,0,1163.695264,782.635543,9107.492745,1.039764653,0.066884668,501.5995657,300.3569169,1.049071208,0.10669697,311.9822814,261.7983818,1.0381235,0.180349729,0,1186.947067,0,1.096324051,0.000398123,4045.559209,0
2021,0,0,0,0,0,964.7940509,1381.860449,13332.1074,1.035031061,0.041404794,281.8688194,314.4979675,1.059248724,0.095549525,248.1544724,186.0829885,1.038875084,0.169600407,0,41.28511539,0,1.062712868,0.000398123,4921.879572,0
2022,0,0,0,0,0,1420.606264,466.370372,6625.286718,1.037711179,0.103113863,231.1834507,111.533467,1.041022264,0.090373926,678.5023319,2601.848897,1.052132339,0.109085708,0,0,0,0,0,4170.971678,0
2023,92.84232408,65.62775418,60.93033222,1.043874768,0.02110052,821.3518428,2959.299626,24306.26202,1.044150583,0.028266735,301.0275747,76.03342084,1.039104346,0.023887381,535.7326485,1925.880926,1.045773364,0.035034826,47.05417704,36.66770117,17.25368502,1.04693171,0.015128675,11674.08615,0
2024,341.712174,183.7049094,627.7420396,1.039079595,0.05932033,173.0473463,73662.96713,127471.8098,1.082659094,0.001194369,126.5796546,36.12447596,1.026469712,0.020702397,134.7227191,60.48721766,1.02460828,0.00796246,43.30127019,13.76170513,5.95899312,1.003208203,0.001194369,14658.73208,0
2025,486.2908401,215.7207637,1049.030314,1.040322947,0.068079037,487.0380161,8684.06599,42294.70271,1.037628522,0.009554953,169.9349792,46.7081602,1.02863017,0.046978517,53.97806623,34.54160573,1.026279731,0.001990615,70.71067812,20.64255769,14.59649253,1.011376984,0.000796246,11603.71984,0
2026,197.5355656,134.0383936,264.7734989,1.043012672,0.089179557,282.5516787,27223.66312,76920.91715,1.041627074,0.003184984,97.53380376,46.19195287,1.037272587,0.024285504,45.42631436,34.69546666,1.014147726,0.001990615,84.40971508,27.52341026,23.23243218,1.010105373,0.002388738,12475.61727,0
2027,561.740119,319.9596442,1797.341686,1.042724779,0.037025441,486.2660091,7748.604527,37678.82999,1.046596076,0.010749322,170.4745878,114.660025,1.042715033,0.021896766,171.2416851,334.0448715,1.017730739,0.011943691,69.2820323,17.20213141,11.91798624,1.007584656,0.001194369,13645.56852,0
2028,409.6141352,595.5639193,2439.513998,1.051906879,0.062903437,758.0230527,2275.249781,17246.91785,1.029145097,0.024285504,189.0576867,80.55398095,1.03456907,0.08559645,83.50040922,146.5112712,1.029108867,0.001990615,0,92.89150962,0,1.059012053,0.000398123,6581.667924,0
2029,821.0265426,664.3696966,5454.65155,1.04148003,0.041006671,750.5499794,2704.51346,20298.72522,1.035500282,0.024285504,109.6427286,86.62756108,1.042577907,0.057727838,103.7089946,160.5614178,1.0571665,0.001592492,226.5611452,328.0692205,743.277383,1.040579613,0.005573722,9278.756603,0
2030,175.5360792,52.4665008,92.09763843,1.031157436,0.014332429,221.4013487,46749.20041,103503.3602,1.061199124,0.001990615,57.32523177,29.55638942,1.028200478,0.008758706,136.3905744,225.7880732,1.028717859,0.020304274,172.8646546,716.7554755,1239.016877,1.056049472,0.003583107,20899.36096,0
2031,106.3675946,59.94281176,63.75972698,1.035438221,0.010351199,0,230701.2248,0,1.147356448,0.000398123,51.63977795,25.80319712,1.044511881,0.001592492,124.8276031,219.5063225,1.027856796,0.042599163,0,0,0,0,0,19626.9014,0
2032,60.60915267,36.12447596,21.89473879,1.013294279,0.000796246,0,235768.9727,0,1.126293769,0.000398123,47.14045208,15.48191827,1.004812305,0.000796246,115.704339,180.7166771,1.024761733,0.039016056,0,0,0,0,0,23216.80415,0
2033,0,0,0,0,0,0,239515.5969,0,1.097168759,0.000398123,0,0,0,0,236.8831871,437.7602252,1.02564239,0.02508175,0,20.64255769,0,1.009624609,0.000398123,29688.78368,0
2034,0,0,0,0,0,149.5153785,62.2570756,93.08390223,1.038173986,0.074847128,726.8112964,3169.397145,1.024806074,0.021498643,390.6940411,530.7137054,1.049563536,0.20025588,0,0,0,0,0,6214.628489,1
2035,0,0,0,0,0,264.6031628,55.29256525,146.3058765,1.033370775,0.050163501,1254.350942,400.1929817,1.040201484,0.105502601,1236.818127,8060.357658,1.036224616,0.084402081,0,0,0,0,0,5820.100583,1
2036,0,0,0,0,0,196.3309114,6454.927791,12673.01856,1.068899362,0.00398123,241.6238125,72.61756903,1.039052437,0.011147445,410.6362337,42050.91126,1.056119213,0.007166214,133.7333742,89.45108334,119.625952,1.065786921,0.001194369,23759.62498,1
2037,0,0,0,0,0,301.524891,12119.99626,36544.80552,1.025244793,0.004379353,0,0,0,0,424.9400979,24769.51281,1.046033875,0.00796246,193.8349134,79.98991106,155.0483748,1.032602872,0.006369968,23758.63725,0
2038,0,0,0,0,0,0,0,0,0,0,0,0,0,0,0,0,1,0.000398123,0,0,0,0,0,0,0
2039,0,0,0,0,0,0,0,0,0,0,0,0,0,0,0,0,1,0.000398123,0,0,0,0,0,0,0
2040,0,0,0,0,0,0,0,0,0,0,0,0,0,0,0,0,1,0.000398123,0,0,0,0,0,0,0
2041,0,0,0,0,0,0,0,0,0,0,0,0,0,0,0,0,1,0.000398123,0,0,0,0,0,0,0
2042,0,0,0,0,0,0,0,0,0,0,20.20305089,36.12447596,1.060382768,0.000796246,0,0,1.002641084,0.000398123,0,0,0,0,0,144955.4872,0
2043,0,0,0,0,0,0,0,0,0,0,141.568506,141.0574776,1.085403426,0.001194369,0,0,1.012009448,0.000398123,0,0,0,0,0,125307.3121,0
2044,0,0,0,0,0,0,0,0,0,0,0,0,0,0,0,0,1,0.000398123,0,0,0,0,0,0,0
2045,0,0,0,0,0,0,0,0,0,0,0,0,0,0,0,0,1,0.000398123,0,0,0,0,0,0,0
2046,0,0,0,0,0,0,0,0,0,0,0,0,0,0,0,0,1,0.000398123,0,0,0,0,0,0,0
2047,0,0,0,0,0,0,0,0,0,0,0,0,0,0,0,0,1,0.000398123,0,0,0,0,0,0,0
2048,0,0,0,0,0,0,0,0,0,0,0,0,0,0,0,0,1,0.000398123,0,0,0,0,0,0,0
2049,0,0,0,0,0,0,0,0,0,0,0,0,0,0,0,0,1,0.000398123,0,0,0,0,0,0,0
2050,0,0,0,0,0,0,0,0,0,0,0,0,0,0,0,0,1,0.000398123,0,0,0,0,0,0,0
2051,0,0,0,0,0,0,0,0,0,0,172.7172585,100.6324688,1.01629865,0.001592492,0,0,1.00581571,0.000398123,0,0,0,0,0,112105.5836,0
2052,0,0,0,0,0,181.7705201,75.98218045,138.1132046,1.041411575,0.018711782,475.5838197,770.6554872,1.052337694,0.010749322,570.1410431,34020.64237,1.038327226,0.015128675,34.64101615,17.20213141,5.95899312,1.037760225,0.001194369,19644.82904,0
2053,0,0,0,0,0,203.9310312,85.41748011,174.192748,1.045569173,0.023091135,299.5214528,318.8128355,1.053525569,0.017915536,486.5560568,47008.9886,1.034258987,0.009554953,0,0,0,0,0,20435.11063,0
2054,0,0,0,0,0,119.782264,74.3132077,89.01404264,1.05224209,0.00796246,232.5326205,156.2936511,1.050003441,0.013934306,244.8371729,99657.74757,1.035832948,0.002388738,0,0,0,0,0,31243.77409,0
2055,0,0,0,0,0,360.1050121,115.3135981,415.2500466,1.035345008,0.011545568,580.5458226,193.1396754,1.041144345,0.037423564,331.0068093,69114.04669,1.034653391,0.004379353,0,0,0,0,0,19814.55859,0
2056,0,0,0,0,0,118.0193689,48.16596795,56.84517139,1.012166304,0.001194369,366.8681976,636.7704238,1.046662839,0.023489258,518.2226395,36874.07821,1.032834475,0.011943691,0,0,0,0,0,21123.61178,1
2057,0,0,0,0,0,0,20.64255769,0,1.009624609,0.000398123,806.4095177,515.1442244,1.036415571,0.040210425,482.9353159,19233.23052,1.040362325,0.019906151,0,0,0,0,0,11582.25136,2
2058,0,0,0,0,0,103.9943018,30.96383654,32.20062563,1.021977933,0.006369968,807.2049129,425.4302125,1.041638127,0.063699684,605.1464162,29081.16884,1.047418815,0.015128675,0,0,0,0,0,12592.99143,2
2059,0,0,0,0,0,78.06247498,27.52341026,21.48545525,1.018103223,0.001194369,822.7847841,571.8212857,1.038568412,0.036627318,804.2744103,23815.60028,1.037921476,0.026674242,0,92.89150962,0,1.133358448,0.000398123,15650.29156,0
2060,44.4107908,58.4872468,25.97464882,1.045597159,0.001194369,0,10.32127885,0,1,0.000796246,413.1973175,296.4578134,1.047742187,0.058922207,639.9731326,31557.80372,1.039833096,0.016721167,0,0,0,0,0,14672.19372,0
2061,0,0,0,0,0,0,0,0,0,0,390.6249999,180.5712844,1.044389495,0.08042085,536.5592566,39724.48697,1.020872453,0.011545568,0,0,0,0,0,14081.75109,0
2062,0,0,0,0,0,85.92392048,28.38351683,24.38823043,1.013289267,0.001592492,332.0686944,174.2980668,1.04390433,0.081217096,505.5610135,41904.84451,1.0386769,0.010351199,0,0,0,0,0,13972.88751,0
2063,0,0,0,0,0,115.4700538,30.96383654,35.75395872,1.025971247,0.002388738,402.1633097,95.97793706,1.038350784,0.12381626,299.6692184,73633.29543,1.033574083,0.003583107,0,0,0,0,0,12236.67489,0
2064,0,0,0,0,0,119.5064644,34.83431611,41.62925956,1.017046649,0.003184984,305.3927564,104.0891235,1.04289361,0.084402081,282.594121,80592.97106,1.033269631,0.003184984,0,681.2044039,0,1.064555201,0.000398123,15061.54726,0
2065,0,0,0,0,0,69.77958527,42.02234959,29.32302126,1.039760432,0.005573722,332.7251584,196.0336044,1.045900532,0.058125961,456.3113834,48231.98782,1.03259819,0.008360583,0,0,0,0,0,16430.23479,0
2066,0,0,0,0,0,57.73502692,20.64255769,11.91798624,1.027411943,0.001592492,737.3500667,873.7396616,1.044468375,0.042599163,1067.880532,13028.04811,1.042809434,0.05135787,51.42594772,113.5340673,58.3859701,1.041167447,0.000796246,10414.26175,0
2067,0,0,0,0,0,205.7741459,56.95816845,117.2051846,1.035803075,0.010749322,623.0383639,332.993945,1.04520073,0.069671529,761.8707222,22229.55112,1.035868809,0.024683627,141.1424187,5232.888375,7385.825218,1.026062298,0.000796246,10870.0881,0
2068,0,0,0,0,0,176.9192887,80.91882616,143.1610117,1.044319203,0.009953076,767.8554794,502.4034262,1.040634722,0.054144731,905.6353015,18686.03373,1.034304437,0.034636703,0,1321.123692,0,1.049668681,0.000398123,11393.13081,0
2069,0,0,0,0,0,54.39162393,32.68404968,17.77738539,1.021318993,0.002388738,569.2275877,249.6766502,1.040718874,0.058524084,690.1295554,30179.79786,1.032206581,0.019508028,0,0,0,0,0,14904.03384,1
2070,0,0,0,0,0,155.9020519,51.74778161,80.67585337,1.030593547,0.029062981,1000.072881,553.6822876,1.041462049,0.060514699,952.8912746,14954.96004,1.040041226,0.041404794,0,20.64255769,0,1.009624609,0.000398123,9188.679025,2
2071,0,0,0,0,0,288.3027815,67.12894746,193.5346227,1.0334564,0.050561624,453.6660254,151.260121,1.041446024,0.103910109,486.7837566,41209.16044,1.039025732,0.009554953,0,0,0,0,0,9958.434053,2
2072,0,0,0,0,0,258.9900141,81.33616482,210.6525448,1.036045486,0.109881954,1111.233017,300.2923255,1.039317312,0.101123248,879.1946911,11555.01403,1.044158675,0.046182271,0,0,0,0,0,5328.213405,1
2073,28.28427125,25.80319712,7.298246263,1.016189289,0.000796246,208.9203624,52.5124607,109.7092232,1.030420346,0.104308232,780.8895123,969.3279908,1.039568459,0.056533469,852.6891915,2797.16264,1.044057204,0.121029399,0,0,0,0,0,3853.911639,1
2074,109.4944111,46.44575481,50.85550571,1.022175901,0.00398123,234.1123997,84.76059863,198.4350715,1.040482587,0.12381626,791.1121642,847.2831635,1.041312348,0.061310945,884.081026,2643.008967,1.043558205,0.125010629,0,0,0,0,0,3404.580765,1
2075,103.2325495,52.4665008,54.1625064,1.034214705,0.004777476,385.1788724,146.212824,563.1809068,1.04150571,0.129389982,625.9351377,1615.563691,1.032901544,0.036229195,556.5139509,849.3825307,1.034625518,0.146111149,0,0,0,0,0,3503.138959,1
2076,61.83166335,26.72946573,16.52727327,1.020638732,0.015526798,599.0350565,474.7788269,2844.091614,1.043423433,0.067282791,847.5297678,1116.534953,1.036721709,0.046978517,375.8571758,422.9496032,1.039576222,0.134963704,0,0,0,0,0,4249.58064,1
2077,113.8018534,44.72554167,50.89849538,1.025470566,0.009554953,530.0609456,639.7382134,3391.002424,1.043579096,0.045386024,879.4461432,339.3910315,1.042927537,0.078032112,1159.172081,7414.307892,1.03776096,0.068875283,0,0,0,0,0,4971.747606,1
2078,0,51.60639423,0,1.044685061,0.000398123,458.0651401,302.3731077,1385.065799,1.042301137,0.071264021,467.1711716,263.9417357,1.045023326,0.098734509,947.2969851,9145.385373,1.038572915,0.054144731,106.2840359,61.92767308,65.81923031,1.028090115,0.001592492,4611.449492,1
2079,0,0,0,0,0,913.8925764,961.451699,8786.635704,1.038838384,0.041802917,736.5658872,228.7395968,1.038360741,0.098336386,582.1145376,4583.87759,1.042035033,0.04737664,0,20.64255769,0,1.009624609,0.000398123,4888.812761,1
2080,76.59416862,38.70479567,29.64561646,1.030073371,0.001592492,431.5317913,147.9196322,638.3202384,1.039444222,0.073254636,502.7254555,239.7239884,1.042328095,0.100327002,815.886081,16458.35272,1.031838649,0.032247965,0,0,0,0,0,6553.967482,1
2081,0,0,0,0,0,547.4029707,169.9295349,930.1993224,1.037780795,0.049765378,892.1703559,301.5245277,1.041265895,0.068875283,803.8959191,18321.99455,1.047543159,0.031053596,0,0,0,0,0,8556.833649,1
2082,0,0,0,0,0,375.5029241,292.0921914,1096.81472,1.049509738,0.019906151,363.0789035,173.8103358,1.044883324,0.059718453,540.5615649,37929.85038,1.037834125,0.011943691,0,0,0,0,0,13711.20603,0
2083,0,0,0,0,0,442.982702,319.4499515,1415.108027,1.043670762,0.032247965,213.1515262,78.93240298,1.033341656,0.048571009,553.8582011,38533.06614,1.024580481,0.012341814,0,0,0,0,0,14042.76664,0
2084,0,0,0,0,0,326.2989358,347.4830545,1133.833509,1.046910507,0.05135787,216.2723294,115.7724169,1.045582065,0.066088422,761.660484,22989.26064,1.03504831,0.024683627,0,0,0,0,0,9601.567981,0
2085,0,0,0,0,0,587.006455,245.272595,1439.765965,1.0379384,0.050561624,241.27402,86.28589116,1.043018883,0.059718453,646.0157658,30404.75239,1.043348462,0.017517413,0,0,0,0,0,11292.39462,0
2086,0,0,0,0,0,699.8046699,367.5707047,2572.276957,1.042705125,0.049367255,551.3247117,394.6371324,1.040185318,0.020304274,696.5150416,24843.26915,1.028493137,0.020702397,0,0,0,0,0,12071.95089,0
2087,0,0,0,0,0,656.7844684,411.1428043,2700.322081,1.046710909,0.057727838,231.0131474,98.69722897,1.038030429,0.025479873,678.2713721,26081.71456,1.034506265,0.019109905,0,670.883125,0,1.102192433,0.000398123,11419.84553,0
2088,0,0,0,0,0,714.2838304,381.2711216,2723.357972,1.051866475,0.053348485,248.5273986,210.2960565,1.046094827,0.057329715,709.7541772,22318.5723,1.038799844,0.021498643,0,0,0,0,0,9163.758045,0
2089,425.9918197,459.2969087,1956.567259,1.035848428,0.008758706,546.6471786,459.1325571,2509.83517,1.050882327,0.062505314,536.5332888,198.7628093,1.042124586,0.105104478,780.2510149,13369.47686,1.040517114,0.027072365,0,0,0,0,0,5137.769856,0
2090,0,0,0,0,0,771.1883756,236.8646027,1826.672282,1.044051952,0.070467775,1100.505008,392.6477995,1.036813498,0.09355891,992.6450226,8797.04387,1.033975467,0.052552239,0,0,0,0,0,5278.294041,1
2091,0,0,0,0,0,569.867074,217.7987059,1241.163112,1.04043663,0.062505314,504.4047265,318.8336866,1.042062896,0.065690299,825.578226,18848.02966,1.029099893,0.028664858,0,0,0,0,0,8153.499659,1
2092,0,0,0,0,0,342.8543822,132.3843071,453.8853983,1.040086299,0.132973089,555.8541918,247.5289797,1.038777011,0.113066938,972.2670714,12765.72821,1.029722769,0.041404794,64.28243465,56.76703366,36.49123131,1.027014269,0.000796246,4920.534778,0
2093,0,0,0,0,0,496.687798,217.8569933,1082.069103,1.051954737,0.13695432,811.5783246,345.2731456,1.042097368,0.109085708,648.8990116,2436.203855,1.043910226,0.085994573,105.4628429,107.3413,113.2051866,1.032371746,0.001990615,2136.630411,0
2094,0,0,0,0,0,594.2668844,345.1132504,2050.893761,1.051027883,0.113863184,386.0574449,329.4104538,1.04974288,0.099132632,434.5202151,835.1866969,1.043558485,0.144518657,106.2498312,136.2408808,144.7557058,1.041066768,0.001990615,1434.894198,0
2095,0,0,0,0,0,1082.419836,711.1126551,7697.224437,1.044323409,0.070069652,399.1679691,328.6360978,1.04441566,0.099928879,590.9760763,865.8333488,1.038408408,0.108289462,127.5219429,614.1160914,783.1327712,1.038793402,0.002388738,3959.924991,0
2096,0,0,0,0,0,558.6525483,6155.675212,34388.83644,1.039554165,0.012739937,408.6845094,171.9556571,1.038659338,0.104308232,154.4197633,71.55187043,1.033434865,0.037423564,140.8117814,2394.536692,3371.789773,1.027512553,0.000796246,9866.890257,0
2097,0,0,0,0,0,664.6302041,2017.750697,13410.58057,1.034014013,0.034636703,455.2385756,221.87286,1.043934512,0.05932033,332.6540861,449.3959506,1.042727405,0.125408752,0,20.64255769,0,1.056640337,0.000398123,5377.5689,0
2098,152.1231248,47.01915919,71.52701423,1.027827795,0.010749322,345.9957676,18824.2924,65131.25499,1.031460726,0.004777476,118.0499249,53.32660737,1.038897844,0.033442334,279.7612118,221.291526,1.036824812,0.092364541,112.5144202,98.91225561,111.2905509,1.062905249,0.004777476,11776.26125,0
2099,225.1001214,69.97477184,157.5132964,1.033725242,0.023489258,178.1860846,59210.59642,105505.0434,1.07682774,0.001592492,238.7337137,142.0207969,1.058093588,0.009953076,106.7038703,49.55941797,1.034873401,0.042997286,232.3677377,65.64333346,152.5339289,1.040887447,0.009953076,14637.77743,0
2100,647.9243342,327.8726247,2124.366521,1.030143566,0.023887381,456.0401288,10249.02989,46739.68913,1.03990645,0.008758706,129.3321906,51.74401128,1.029499981,0.029859227,173.3089933,89.87480781,1.023528646,0.016323044,0,20.64255769,0,1.056640337,0.000398123,15593.3402,0
2101,397.9210386,295.9044056,1177.465884,1.045405293,0.049367255,585.9214749,5936.209805,34781.52805,1.040698221,0.013934306,172.1524374,59.52408759,1.029745061,0.029062981,93.31724653,177.3807369,1.026308924,0.004777476,15.71348403,46.44575481,7.298246263,1.008481975,0.000796246,13138.4667,0
2102,323.3415778,268.4291418,867.9430222,1.044559857,0.054144731,477.6101097,9006.886423,43017.80012,1.026488171,0.00915683,125.3415578,59.02843745,1.034096522,0.035432949,82.35045019,139.9168149,1.0254148,0.005175599,40,12.90159856,5.160639423,1.002406152,0.001592492,12680.8672,0
2103,312.8080031,311.8139291,975.3789249,1.049246352,0.081217096,551.4591782,5365.400278,29587.99228,1.032163579,0.012341814,297.958877,95.34895696,1.040779046,0.083605835,72.91933168,73.75683404,1.022016435,0.00398123,0,206.4255769,0,1.040424713,0.000398123,7738.794587,0
2104,549.5863895,324.2123934,1781.827187,1.037168376,0.085994573,669.9674396,3586.534598,24028.61402,1.029284131,0.018711782,220.54877,123.2298141,1.041153518,0.039414179,0,0,1.018534724,0.000398123,0,0,0,0,0,8748.193729,0
2105,513.4941043,293.5968597,1507.602565,1.041477272,0.066088422,515.1490733,7202.723557,37104.76365,1.032833566,0.010749322,211.7236586,76.4297231,1.03596074,0.031451719,71.40731631,60.01406418,1.01168993,0.002786861,171.707115,103.2127885,177.2237014,1.035075358,0.005175599,11332.66846,0
2106,506.968659,222.3044675,1127.013978,1.037057285,0.056931592,395.0019067,12755.81049,50385.69467,1.046859507,0.006369968,259.4490234,82.7687169,1.034263239,0.020702397,126.5945182,216.1103571,1.028058157,0.02508175,128.6839008,79.12980449,101.8273191,1.050760036,0.001194369,12136.19709,0
2107,105.1358286,40.34681731,42.41896069,1.021699573,0.004379353,141.3953883,112419.3692,158955.8036,1.080058524,0.000796246,137.9084395,38.33617857,1.011189069,0.002786861,290.7720377,587.9017486,1.026618865,0.044589778,206.8987516,175.4617404,363.0281505,1.034886929,0.006768091,18410.73924,0
2108,165.3406379,97.51828979,161.2373624,1.05028036,0.011545568,244.8068156,39124.52768,95779.51034,1.042683411,0.002388738,178.448002,34.06022019,1.019415787,0.00398123,129.1766414,255.6737721,1.031864202,0.020304274,137.4052412,243.7409697,334.9128674,1.050710463,0.005175599,22460.36929,0
2109,0,0,0,0,0,344.5885307,98.15746821,338.2393775,1.035559926,0.039016056,1125.658081,522.4059329,1.035604112,0.066088422,1100.169894,10450.92725,1.043371783,0.064894053,0,0,0,0,0,7420.372104,1
2110,0,0,0,0,0,311.1953009,1608.905232,5006.837478,1.038318775,0.006768091,168.5220614,58.72451758,1.031423072,0.011545568,359.4745815,60862.16341,1.041493675,0.005175599,222.2526907,288.9958077,642.3009585,1.039045389,0.002786861,27080.94858,1
2111,0,0,0,0,0,417.7883348,8509.321005,35550.95053,1.057283109,0.007166214,0,0,0,0,409.0484733,7118.129056,1.045582644,0.019906151,197.0401827,392.9458304,774.2611819,1.044855087,0.011147445,16152.75408,0
2112,0,0,0,0,0,150.8475393,2693.853779,4063.612138,1.055075272,0.002388738,0,0,0,0,199.4848683,117205.0998,1.02925336,0.001592492,0,0,0,0,0,73663.05771,0
2113,0,0,0,0,0,0,0,0,0,0,0,0,0,0,0,0,1,0.000398123,0,0,0,0,0,0,0
2114,0,0,0,0,0,0,0,0,0,0,0,0,0,0,0,0,1,0.000398123,0,0,0,0,0,0,0
2115,0,0,0,0,0,0,0,0,0,0,0,0,0,0,0,0,1,0.000398123,0,0,0,0,0,0,0
2116,0,0,0,0,0,0,0,0,0,0,0,0,0,0,0,0,1,0.000398123,0,0,0,0,0,0,0
2117,0,0,0,0,0,0,0,0,0,0,0,0,0,0,0,0,1,0.000398123,0,0,0,0,0,0,0
2118,0,0,0,0,0,0,0,0,0,0,0,0,0,0,0,0,1,0.000398123,0,0,0,0,0,0,0
2119,0,0,0,0,0,0,0,0,0,0,0,0,0,0,0,0,1,0.000398123,0,0,0,0,0,0,0
2120,0,0,0,0,0,0,0,0,0,0,0,0,0,0,0,0,1,0.000398123,0,0,0,0,0,0,0
2121,0,0,0,0,0,0,0,0,0,0,0,0,0,0,0,0,1,0.000398123,0,0,0,0,0,0,0
2122,0,0,0,0,0,0,0,0,0,0,0,0,0,0,0,0,1,0.000398123,0,0,0,0,0,0,0
2123,0,0,0,0,0,0,0,0,0,0,0,0,0,0,0,0,1,0.000398123,0,0,0,0,0,0,0
2124,0,0,0,0,0,0,0,0,0,0,0,0,0,0,0,0,1,0.000398123,0,0,0,0,0,0,0
2125,0,0,0,0,0,0,0,0,0,0,0,0,0,0,0,0,1,0.000398123,0,0,0,0,0,0,0
2126,0,0,0,0,0,0,0,0,0,0,0,0,0,0,0,0,1,0.000398123,0,0,0,0,0,0,0
2127,0,0,0,0,0,0,0,0,0,0,0,0,0,0,0,0,1,0.000398123,0,0,0,0,0,0,0
2128,0,0,0,0,0,0,0,0,0,0,0,30.96383654,1.022753969,0.000398123,0,0,1.000005696,0.000398123,0,0,0,0,0,177566.3316,0
2129,0,0,0,0,0,47.14045208,30.96383654,14.59649253,1.071597766,0.000796246,164.9702049,177.8902766,1.05724386,0.006768091,0,0,1.056773913,0.000398123,0,0,0,0,0,55439.54062,0
2130,0,0,0,0,0,184.1429416,84.78193338,156.1199461,1.023364463,0.005573722,225.3908776,216.2474391,1.060402164,0.024683627,223.4969384,105641.0323,1.043198038,0.001990615,151.5544457,82.57023077,125.1388555,1.024320637,0.001194369,25760.22255,1
2131,0,0,0,0,0,130.6841345,155.3925871,203.0734574,1.049513637,0.007166214,718.8767811,463.2666313,1.041709972,0.031053596,620.5646079,32928.20967,1.032084838,0.015924921,0,0,0,0,0,18016.57899,1
2132,0,0,0,0,0,303.1258609,393.9288093,1194.100094,1.03711065,0.004777476,295.1066465,221.2506865,1.049830474,0.043793532,422.8864296,52182.75718,1.029767525,0.007166214,0,0,0,0,0,18708.52627,1
2133,0,0,0,0,0,0,20.64255769,0,1.009624609,0.000398123,680.6217204,1465.472012,1.040964401,0.027470489,840.1082964,13553.78608,1.038522454,0.037025441,0,0,0,0,0,12087.43447,1
2134,0,0,0,0,0,0,0,0,0,0,841.8280625,522.6880467,1.037469121,0.053348485,805.4027441,18703.76919,1.037773226,0.031053596,0,0,0,0,0,11858.50431,0
2135,0,0,0,0,0,141.512853,44.72554167,63.29239005,1.034085677,0.01313806,496.8290374,151.3943947,1.03804943,0.087587065,411.5166097,52382.65907,1.026810245,0.006768091,0,0,0,0,0,13155.22114,0
2136,0,0,0,0,0,404.0699964,138.3911472,559.1971036,1.035358687,0.047774763,295.6503197,138.8681154,1.047429468,0.131380597,571.1852748,32669.24059,1.024616916,0.01313806,0,0,0,0,0,8546.08975,0
2137,0,0,0,0,0,102.0250603,40.94107276,41.77015418,1.029416419,0.011943691,266.2794191,121.0486826,1.04120581,0.136158073,446.0720554,46514.55621,1.034517283,0.00796246,0,0,0,0,0,10506.69758,0
2138,0,0,0,0,0,105.4888764,40.12215439,42.32440987,1.034282257,0.028266735,236.9105771,127.8175433,1.041665917,0.084003958,282.6317082,78204.3588,1.035937686,0.003184984,0,0,0,0,0,12986.80433,0
2139,0,0,0,0,0,140.6142852,58.36861141,82.07460571,1.027471543,0.011545568,401.4305463,132.5169219,1.039481005,0.079226481,434.7619245,51053.65456,1.034899518,0.007564337,0,0,0,0,0,14162.38069,0
2140,0,0,0,0,0,315.5649194,225.2987725,710.9638899,1.040549975,0.013934306,699.5859822,511.8770085,1.046002931,0.04220104,962.0802012,17487.12331,1.037544406,0.041404794,0,0,0,0,0,11625.41279,0
2141,0,20.64255769,0,1.009624609,0.000398123,139.068889,33.71617757,46.88871355,1.030211362,0.005971845,888.1788255,642.7973374,1.03765536,0.041404794,986.2415416,17430.04911,1.036023707,0.041404794,0,0,0,0,0,12480.57705,0
2142,0,0,0,0,0,311.4047015,102.2744904,318.4875715,1.027669812,0.017517413,491.9589921,327.3501896,1.04492115,0.06449593,838.5309074,22552.73524,1.026153567,0.028664858,0,0,0,0,0,11533.35292,0
2143,0,0,0,0,0,536.3122696,129.3118184,693.5151482,1.038536426,0.062505314,524.3366086,555.7721957,1.042687824,0.057329715,1013.027103,13404.43597,1.035499108,0.045386024,0,0,0,0,0,7237.815325,1
2144,0,0,0,0,0,238.9430906,78.40070753,187.3330737,1.033187872,0.060116576,632.6696276,765.8020287,1.034144804,0.044589778,796.6750995,9940.783417,1.037204988,0.048969132,0,92.89150962,0,1.041869718,0.000398123,6184.117592,1
2145,0,0,0,0,0,302.7927562,129.0159856,390.6510587,1.039792556,0.055737223,459.3326401,327.5365368,1.043968944,0.068875283,828.3121803,20299.69776,1.026587499,0.028664858,0,0,0,0,0,8832.572163,1
2146,0,0,0,0,0,211.1991315,152.7148443,322.5324248,1.042173514,0.041006671,811.208617,1291.880069,1.036342806,0.033442334,822.3846537,6068.963851,1.046797247,0.06847716,0,0,0,0,0,6576.815687,1
2147,0,0,0,0,0,324.4125482,95.55210594,309.9830217,1.039349856,0.08957768,928.1688491,474.5911673,1.042034203,0.087587065,1113.074182,7006.73829,1.036429684,0.079226481,0,0,0,0,0,4670.17989,1
2148,78.06247498,27.52341026,21.48545525,1.018103223,0.001194369,177.5037539,63.81922219,113.2815151,1.036442845,0.099928879,872.7052288,894.6143048,1.040687494,0.052950362,1138.592102,4841.883538,1.04162667,0.108687585,0,0,0,0,0,4688.66718,1
2149,86.36119516,24.08298398,20.79835279,1.013262091,0.004777476,372.6487331,291.4686141,1086.154098,1.043902032,0.03821981,949.255105,426.704849,1.038742015,0.074449005,1117.514932,9811.839553,1.037455856,0.064894053,0,0,0,0,0,6412.162529,1
2150,44.09585518,61.92767308,27.30753704,1.056553969,0.001194369,587.2874126,673.360232,3954.559884,1.041484781,0.039812302,623.3501713,210.9916726,1.037293369,0.086392696,963.052868,12036.36031,1.039350397,0.043793532,52.33836453,39.22085962,20.52755648,1.034703278,0.00398123,6367.017779,1
2151,0,0,0,0,0,219.9314932,146.1399255,321.4077202,1.040602832,0.017517413,512.77608,603.9536014,1.039093811,0.051755993,755.6967517,18194.91116,1.034326687,0.027470489,95.21904571,25.80319712,24.56955806,1.015786289,0.001592492,9866.246301,1
2152,0,0,0,0,0,393.0591303,540.3619529,2123.941993,1.045922318,0.019109905,463.9532496,202.4346824,1.041045981,0.08957768,845.2223338,19669.28112,1.033142183,0.030655473,83.34929737,168.5808878,140.5109855,1.041467681,0.001194369,9243.26605,1
2153,0,0,0,0,0,238.2990009,134.8967142,321.4575223,1.042439447,0.01711929,304.7320517,181.9516354,1.044842167,0.052552239,422.0443211,51902.18233,1.035611604,0.007166214,0,0,0,0,0,15850.92332,1
2154,0,0,0,0,0,299.4643496,147.5473726,441.8517798,1.041668305,0.017517413,195.2628365,99.94018786,1.041227635,0.048969132,282.6273686,82101.10067,1.034927069,0.003184984,0,0,0,0,0,17549.55392,1
2155,0,0,0,0,0,274.2992037,253.1748988,694.4567312,1.051068692,0.020304274,240.2978501,106.2436402,1.042667391,0.050163501,359.7305635,62227.85968,1.034877159,0.005175599,0,0,0,0,0,16275.1885,0
2156,0,0,0,0,0,424.9292206,484.4120205,2058.408223,1.043458961,0.017915536,109.4994222,232.228774,1.054600945,0.001592492,505.1533139,42707.04621,1.04124459,0.010749322,66.89774766,37.15660385,24.85693108,1.018164974,0.001990615,24690.4627,0
2157,0,0,0,0,0,415.0482519,309.8901039,1286.193459,1.042780433,0.016323044,405.3491872,222.3304984,1.04237418,0.024285504,508.0631561,40739.18548,1.048764483,0.011147445,87.54368386,39.22085962,34.33538535,1.019103925,0.00398123,18247.48668,0
2158,0,0,0,0,0,308.1595707,207.336278,638.9265843,1.039041277,0.013536183,158.2303836,55.63421037,1.031741637,0.016323044,173.0498696,139506.0017,1.047470962,0.001194369,0,0,0,0,0,27356.99899,0
2159,0,0,0,0,0,138.3863906,72.98618613,101.0029486,1.02130316,0.005573722,127.6626599,42.14522196,1.024407642,0.004777476,0,0,1.032684538,0.000398123,0,0,0,0,0,48034.1367,0
2160,0,0,0,0,0,605.2320553,490.747598,2970.161774,1.03368327,0.02110052,153.9956446,56.76703366,1.023854162,0.00796246,554.0750227,38791.083,1.050301101,0.012739937,0,0,0,0,0,21502.79721,0
2161,0,0,0,0,0,126.5564259,37.8446891,47.89488591,1.026107695,0.008360583,261.1228376,249.7176076,1.047567205,0.014332429,299.4222964,80223.89574,1.030283989,0.003583107,0,258.0319712,0,1.04558187,0.000398123,29393.70592,0
2162,0,0,0,0,0,270.2594625,205.5280744,555.4590693,1.035582759,0.027470489,178.7463177,93.13725435,1.0378465,0.033442334,244.4989723,93387.88023,1.038578817,0.002388738,0,0,0,0,0,18139.75928,0
2163,0,0,0,0,0,212.3967945,126.2838824,268.2229181,1.044382964,0.020304274,263.4448551,252.252055,1.05284728,0.029859227,385.7054067,58066.47298,1.044767,0.005971845,0,0,0,0,0,18935.6141,0
2164,0,0,0,0,0,476.8313089,93.90119994,447.7503207,1.036616428,0.073254636,360.6120496,125.5650058,1.035608506,0.064894053,433.1765508,48660.25523,1.031492186,0.007564337,0,0,0,0,0,11093.63147,0
2165,0,0,0,0,0,340.4262987,217.9731463,742.0379142,1.040686176,0.040210425,517.5965143,152.892544,1.036746009,0.119436907,679.0018607,25928.75987,1.040907448,0.019109905,0,0,0,0,0,8505.733707,1
2166,0,0,0,0,0,685.2981146,303.3124203,2078.594298,1.041243377,0.086392696,896.6889719,1115.576522,1.029559155,0.037423564,891.5169741,5563.041987,1.039480257,0.05135787,0,0,0,0,0,5696.250091,0
2167,0,0,0,0,0,300.7979141,205.9894666,619.6120187,1.040931842,0.113066938,1052.944946,829.1662986,1.036846928,0.058125961,808.1215753,4347.275126,1.034946249,0.052950362,20.20305089,36.12447596,7.298246263,1.011376984,0.000796246,4927.686007,0
2168,0,0,0,0,0,1061.046461,954.9394636,10132.35138,1.038614963,0.055737223,570.6450316,371.0990123,1.041281163,0.087985188,768.8830799,1552.767331,1.034069284,0.068875283,144.7882997,67.0883125,97.13602698,1.016072171,0.003184984,5390.571564,0
2169,0,0,0,0,0,722.5727652,3344.278655,24164.84675,1.033490254,0.022294889,667.8706764,193.1658557,1.038159958,0.111872569,219.9009027,131.8067755,1.034180683,0.043395409,95.46547254,280.551125,267.8294572,1.038147281,0.004379353,8517.951374,0
2170,0,0,0,0,0,445.5274263,10515.31889,46848.62961,1.037382825,0.00796246,195.2433512,67.9849487,1.035863734,0.103113863,410.8460296,390.2986777,1.038642709,0.095549525,100.4024822,116.114387,116.5817268,1.026190936,0.001592492,9163.929072,0
2171,0,0,0,0,0,1053.149045,860.2272873,9059.475463,1.039817728,0.068079037,341.3971125,108.1242936,1.037183174,0.057727838,1187.135051,3418.398044,1.039191938,0.122223768,0,0,0,0,0,5319.439547,0
2172,0,0,0,0,0,588.4463628,5736.861677,33758.35387,1.030250914,0.013934306,223.0385661,65.04353084,1.03013063,0.02110052,446.1424229,508.6732812,1.04084081,0.16203607,96.71630365,76.67235715,74.15466976,1.04792815,0.002786861,8922.516503,0
2173,199.9928485,67.25478474,134.5047598,1.028494709,0.024683627,434.0012169,11908.03966,51681.03705,1.040788947,0.007564337,343.1399631,139.2172496,1.037677339,0.01711929,355.194656,479.9209863,1.038575437,0.039414179,130.998068,92.89150962,121.686083,1.052838626,0.005971845,14603.39108,0
2174,165.4819871,75.52155254,124.9745659,1.034419547,0.032646088,0,243210.6147,0,1.115453699,0.000398123,61.47823998,24.8769285,1.018160902,0.015526798,153.8724501,88.48322586,1.028383147,0.005573722,0,0,0,0,0,20850.33346,0
2175,187.3101876,103.2127885,193.3280677,1.03689271,0.037821687,173.1817493,76621.73373,132694.8588,1.051327078,0.001194369,187.501532,46.82336257,1.026257302,0.016323044,291.1981121,591.3219138,1.031916697,0.01711929,131.9538402,171.3332289,226.080775,1.053710062,0.001990615,16802.59701,0
2176,200.1764164,225.9701262,452.3389009,1.043439199,0.018711782,373.5454572,16761.75685,62612.78125,1.020400468,0.005573722,137.22525,51.60639423,1.022837851,0.010749322,186.2057355,210.3392333,1.03093653,0.014332429,6.734350297,216.7468558,14.59649253,1.058171197,0.000796246,20863.64728,0
2177,289.107063,148.8167368,430.2396972,1.037694506,0.056135346,299.7072382,25118.55229,75282.11933,1.029404282,0.003583107,130.0906038,42.83330721,1.025677925,0.023887381,168.9960674,156.9829982,1.018232507,0.005175599,63.47991899,26.99411391,17.13584164,1.027820748,0.005175599,14699.84413,0
2178,263.1732426,133.1831329,350.5023695,1.041284589,0.074449005,244.7724556,37237.45387,91147.03021,1.05308624,0.002388738,125.8847768,35.60841202,1.022911382,0.023887381,74.75546071,164.6020171,1.040004336,0.001194369,84.85281374,25.80319712,21.89473879,1.017256691,0.000796246,13898.00244,0
2179,389.8183642,212.7456552,829.3216328,1.041268295,0.090373926,595.9665329,4883.59457,29104.58924,1.035629321,0.015128675,242.8785872,79.92635639,1.034077548,0.080818973,71.58712561,155.1628439,1.034432856,0.001990615,0,0,0,0,0,8271.057016,0
2180,616.6419808,824.6607108,5085.204142,1.044447563,0.043395409,796.7741621,1949.704111,15534.73859,1.035333685,0.028266735,253.7380334,160.4998866,1.043335763,0.05135787,88.99911968,107.9337059,1.024955352,0.003184984,202.0375105,118.6947067,239.8078306,1.037208916,0.00398123,7805.587559,0
2181,501.2585169,583.9923589,2927.311437,1.042476489,0.01711929,494.7676869,8003.94532,39600.93512,1.028961368,0.009953076,209.3969895,144.3391149,1.048105938,0.025877996,174.2003262,335.057024,1.025813001,0.033840457,79.51227087,23.73894135,18.87537134,1.026499068,0.00398123,13167.313,0
2182,0,20.64255769,0,1.009624609,0.000398123,141.409087,118968.2206,168231.8746,1.067781524,0.000796246,169.7241565,56.45739529,1.03060477,0.039812302,96.98711243,136.0660699,1.025750617,0.021498643,0,0,0,0,0,18982.15411,0
2183,71.75153537,33.65634407,24.14894362,1.029416581,0.00915683,172.8015516,77526.56584,133967.1087,1.069840917,0.001194369,105.3129636,32.22252908,1.021414572,0.016323044,258.1014812,663.4472563,1.026965843,0.02508175,81.85352772,103.2127885,84.48330842,1.039362867,0.001194369,20128.8911,0
2184,0,0,0,0,0,185.869817,4784.48615,8892.91565,1.053476192,0.007166214,305.3883538,323.9293669,1.036588346,0.005175599,390.2998338,24897.08268,1.054332966,0.009953076,120.3900045,228.7883478,275.4383021,1.066685444,0.002388738,16519.59193,1
2185,0,0,0,0,0,296.02265,2505.642224,7417.26851,1.041280444,0.006768091,0,0,0,0,421.4819701,39814.51832,1.036998014,0.008758706,151.7644665,95.47182933,144.8923125,1.031721224,0.003184984,27543.28022,0
2186,0,0,0,0,0,292.6813357,2128.427199,6229.509154,1.047042529,0.00915683,0,0,0,0,410.8214839,46036.82724,1.042296707,0.007166214,109.7178199,39.69722633,43.55493129,1.025321156,0.005175599,26804.53997,0
2187,0,0,0,0,0,324.6073205,13484.28166,43770.9654,1.048576985,0.004379353,98.86183567,185.7830192,1.062746931,0.001592492,410.2619026,8587.779339,1.043260304,0.018711782,173.1231023,532.2830948,921.505007,1.04386079,0.002786861,18728.1065,0
2188,0,0,0,0,0,97.2310766,2043.613212,1987.027127,1.056024792,0.001194369,0,0,0,0,141.3975299,173245.7698,1.015588419,0.000796246,0,0,0,0,0,108904.3078,0
2189,0,0,0,0,0,0,0,0,0,0,0,0,0,0,0,0,1,0.000398123,0,0,0,0,0,0,0
2190,0,0,0,0,0,0,0,0,0,0,0,0,0,0,0,0,1,0.000398123,0,0,0,0,0,0,0
2191,0,0,0,0,0,0,0,0,0,0,0,0,0,0,0,0,1,0.000398123,0,0,0,0,0,0,0
2192,0,0,0,0,0,0,0,0,0,0,0,0,0,0,0,0,1,0.000398123,0,0,0,0,0,0,0
2193,0,0,0,0,0,0,20.64255769,0,1.009624609,0.000398123,0,0,0,0,0,0,1.000888049,0.000398123,0,0,0,0,0,177580.9281,0
2194,0,0,0,0,0,0,0,0,0,0,0,0,0,0,0,0,1,0.000398123,0,0,0,0,0,0,0
2195,0,0,0,0,0,0,0,0,0,0,0,0,0,0,0,0,1,0.000398123,0,0,0,0,0,0,0
2196,0,0,0,0,0,0,0,0,0,0,0,0,0,0,0,0,1,0.000398123,0,0,0,0,0,0,0
2197,0,0,0,0,0,0,0,0,0,0,0,0,0,0,0,0,1,0.000398123,0,0,0,0,0,0,0
2198,0,0,0,0,0,0,0,0,0,0,0,0,0,0,0,0,1,0.000398123,0,0,0,0,0,0,0
2199,0,0,0,0,0,0,0,0,0,0,0,0,0,0,0,0,1,0.000398123,0,0,0,0,0,0,0
2200,0,0,0,0,0,0,0,0,0,0,0,0,0,0,0,0,1,0.000398123,0,0,0,0,0,0,0
2201,0,0,0,0,0,0,0,0,0,0,0,0,0,0,0,0,1,0.000398123,0,0,0,0,0,0,0
2202,0,0,0,0,0,0,0,0,0,0,0,0,0,0,0,0,1,0.000398123,0,0,0,0,0,0,0
2203,0,0,0,0,0,0,0,0,0,0,0,0,0,0,0,0,1,0.000398123,0,0,0,0,0,0,1
2204,0,0,0,0,0,0,0,0,0,0,0,0,0,0,0,0,1,0.000398123,0,0,0,0,0,0,1
2205,0,0,0,0,0,173.5562709,98.78938325,171.4551696,1.039383516,0.002786861,292.2766121,209.1417029,1.042763472,0.007564337,0,0,1.043739701,0.000398123,0,0,0,0,0,47409.82402,1
2206,0,0,0,0,0,167.6586362,65.36809936,109.5952639,1.03056013,0.003583107,294.8813009,239.0408181,1.048739732,0.009953076,0,0,1.066693816,0.000398123,60.68005777,562.5096971,341.3312092,1.052001879,0.001592492,38776.63153,1
2207,0,0,0,0,0,0,0,0,0,0,0,0,0,0,0,0,1,0.000398123,0,0,0,0,0,0,1
2208,0,0,0,0,0,0,0,0,0,0,334.5565065,267.4557475,1.036349429,0.00915683,172.4395137,140841.2142,1.058644422,0.001194369,0,0,0,0,0,47865.62805,1
2209,0,0,0,0,0,102.0596454,99.77236218,101.8273191,1.089559694,0.001194369,240.1446493,245.9640144,1.039335389,0.025877996,315.810949,74181.35933,1.032761368,0.00398123,0,0,0,0,0,26545.90064,0
2210,0,0,0,0,0,0,0,0,0,0,606.6071001,866.0658804,1.042109066,0.022294889,344.9479459,58261.40702,1.043170914,0.004777476,0,0,0,0,0,24855.93215,0
2211,0,0,0,0,0,0,0,0,0,0,199.3817384,94.07484095,1.043560643,0.062505314,199.9650731,118183.8034,1.039937409,0.001592492,0,0,0,0,0,18622.82459,0
2212,0,0,0,0,0,0,0,0,0,0,417.0060822,242.4548381,1.04331953,0.107891339,718.6414219,25148.84041,1.026097137,0.02110052,0,0,0,0,0,10204.47416,0
2213,0,0,0,0,0,59.44097416,24.65638836,14.65599743,1.025571147,0.007166214,781.5668638,228.9415174,1.040422296,0.116251922,715.6756849,24370.59979,1.030855645,0.021498643,0,0,0,0,0,9516.977275,0
2214,0,0,0,0,0,0,20.64255769,0,1.009624609,0.000398123,243.2070509,182.1547198,1.045067452,0.116650045,456.7260458,43016.34387,1.029242544,0.008360583,0,0,0,0,0,11107.13543,0
2215,0,0,0,0,0,131.0624587,56.76703366,74.40027005,1.02990764,0.005573722,281.8413357,143.7606696,1.048659641,0.100327002,468.023273,45559.13299,1.028603039,0.008758706,0,0,0,0,0,12591.1962,0
2216,0,0,0,0,0,154.5024639,177.5259962,274.2820382,1.029617853,0.001990615,595.6972464,306.1564882,1.041963398,0.066088422,658.2107277,28541.88232,1.030824599,0.018313659,0,0,0,0,0,13228.37137,0
2217,0,0,0,0,0,243.9432751,186.5202534,455.0036149,1.045614309,0.011147445,394.269006,392.0174614,1.041679541,0.06449593,857.2942419,20025.68298,1.034238062,0.031053596,106.0660172,123.8553462,131.3684327,1.04956861,0.000796246,10819.09567,0
2218,0,0,0,0,0,491.5056916,373.4617836,1835.585922,1.043187918,0.019508028,367.4088534,256.9493195,1.043957005,0.056931592,676.3890569,27635.37134,1.036430611,0.019109905,0,20.64255769,0,1.009624609,0.000398123,12372.44765,0
2219,0,0,0,0,0,118.0652105,30.96383654,36.5575188,1.026119399,0.00915683,624.3295124,638.5298856,1.039107374,0.020702397,697.5868031,28066.61956,1.039114716,0.021498643,0,0,0,0,0,18321.5179,1
2220,0,0,0,0,0,148.7797589,61.10197077,90.90736481,1.021226371,0.009953076,464.8001535,283.9145627,1.039870606,0.051755993,587.4121988,35699.7642,1.034465963,0.013934306,0,30.96383654,0,1.022753969,0.000398123,15309.08427,1
2221,0,0,0,0,0,223.9508352,312.0669016,698.8764326,1.038966375,0.006768091,540.5606719,274.3342988,1.037582877,0.077633989,849.6454531,21793.78158,1.030341444,0.029859227,0,0,0,0,0,11199.4171,1
2222,0,0,0,0,0,190.1240245,83.53034974,158.8112626,1.03937315,0.01711929,529.4565246,350.9761404,1.043046778,0.078032112,849.356052,19981.71729,1.035443749,0.03025735,0,0,0,0,0,9914.344401,1
2223,0,0,0,0,0,279.6659779,198.3359259,554.6781068,1.035196195,0.014730552,323.2426022,145.2732112,1.040339916,0.084800204,533.4601842,39121.0176,1.024598846,0.011545568,0,227.0681346,0,1.064142515,0.000398123,12593.85107,1
2224,0,0,0,0,0,241.1472642,190.7657056,460.02628,1.046293772,0.011545568,755.8926243,288.6433738,1.044600715,0.081615219,593.7000982,30671.0622,1.034558975,0.014332429,117.0937125,165.1404615,193.3690972,1.026032981,0.001194369,11286.70699,1
2225,0,0,0,0,0,335.1340173,586.0361416,1964.006464,1.038629492,0.027072365,398.4612228,185.7051228,1.041382054,0.105502601,926.6588247,14447.67067,1.037870048,0.041006671,207.293289,138.8681154,287.8642838,1.035668763,0.004379353,6997.236613,1
2226,0,0,0,0,0,361.629673,164.3036011,594.1705754,1.033914984,0.014730552,977.4410949,1005.587453,1.041168862,0.050163501,1015.012829,7193.469132,1.037117917,0.066486545,43.30127019,13.76170513,5.95899312,1.018880112,0.001194369,7896.466714,1
2227,0,0,0,0,0,0,20.64255769,0,1.009624609,0.000398123,894.6610383,1408.022201,1.043409397,0.037025441,1071.132258,6536.186859,1.036400656,0.078430235,0,0,0,0,0,8908.231465,1
2228,0,0,0,0,0,131.9228112,43.34937116,57.18770907,1.029110438,0.001990615,707.9224098,613.8444788,1.04233599,0.037821687,660.4254119,13981.182,1.031282624,0.036229195,0,0,0,0,0,10125.79186,0
2229,0,0,0,0,0,38.49001795,15.48191827,5.95899312,1.016566237,0.001592492,249.2242506,358.6644399,1.070993335,0.003184984,173.1726751,143298.8872,1.018109269,0.001194369,0,0,0,0,0,64037.9213,0
2230,0,0,0,0,0,0,0,0,0,0,0,0,0,0,0,0,1,0.000398123,0,0,0,0,0,0,0
2231,0,0,0,0,0,0,0,0,0,0,0,0,0,0,0,0,1.014076534,0.000398123,69.22169403,33.17553915,22.9646702,1.014439222,0.005573722,64725.56197,0
2232,0,0,0,0,0,0,0,0,0,0,0,0,0,0,0,0,1.003228365,0.000398123,20.20305089,72.24895193,14.59649253,1.031082907,0.000796246,144892.9181,0
2233,0,0,0,0,0,0,0,0,0,0,0,30.96383654,1.022753969,0.000398123,0,0,1.004952046,0.000398123,0,237.3894135,0,1.041424277,0.000398123,144785.6926,0
2234,0,0,0,0,0,0,0,0,0,0,78.56742013,46.44575481,1.035451686,0.000796246,0,0,1.006328645,0.000398123,57.28219619,27.52341026,15.76601386,1.019350889,0.001194369,102457.2951,0
2235,0,0,0,0,0,0,0,0,0,0,0,0,0,0,0,0,1.006093635,0.000398123,83.40233829,201.2649375,167.859664,1.030920257,0.000796246,144669.5042,0
2236,0,0,0,0,0,0,0,0,0,0,98.97433186,48.16596795,1.028473697,0.001194369,0,0,1.004647836,0.000398123,0,0,0,0,0,125492.9951,1
2237,0,0,0,0,0,259.8926125,512.0942197,1330.895046,1.044832181,0.005175599,161.7352153,118.8341835,1.041210804,0.014730552,345.4843362,69132.72632,1.037419804,0.004777476,0,0,0,0,0,30403.45657,1
2238,0,0,0,0,0,297.5743803,323.0724109,961.3807246,1.048390855,0.02508175,338.1430516,146.4563004,1.037539561,0.077633989,385.1617827,51936.7815,1.032826913,0.005971845,0,0,0,0,0,12183.64201,1
2239,0,0,0,0,0,254.8692158,153.8808846,392.195004,1.041597618,0.043793532,546.3631082,284.4203954,1.039707489,0.038617933,625.4272589,32313.16314,1.028548864,0.015924921,0,0,0,0,0,13034.16891,0
2240,0,0,0,0,0,607.8728434,345.7893062,2101.959288,1.046719475,0.077633989,523.2613169,185.9348028,1.037241955,0.081217096,1008.013577,11663.20219,1.036071401,0.050163501,47.14045208,15.48191827,7.298246263,1.004812305,0.000796246,5871.309309,0
2241,0,0,0,0,0,674.9108184,1043.819245,7044.849007,1.039513206,0.044987901,537.6585338,279.3000609,1.036184456,0.039414179,577.1626989,3978.769089,1.039590828,0.060912822,0,103.2127885,0,1.050954208,0.000398123,4744.709805,0
2242,0,0,0,0,0,510.6046321,203.7246815,1040.227661,1.047510871,0.12779749,867.2240612,386.8961732,1.044971815,0.081217096,714.7112835,5455.599293,1.041387583,0.0553391,98.55019591,125.5755593,123.7549597,1.025673122,0.002388738,3181.085388,0
2243,0,0,0,0,0,470.7966212,196.7275637,926.186723,1.05050466,0.164822931,559.0238509,155.0754673,1.04476054,0.176368499,1100.121591,5218.34664,1.034039643,0.084800204,0,0,0,0,0,2461.128489,0
2244,0,0,0,0,0,739.4616607,233.3028158,1725.184876,1.043847178,0.156860471,716.7467014,272.1500062,1.046223785,0.111474446,1232.986397,3055.378783,1.038855181,0.133371212,43.30127019,13.76170513,5.95899312,1.003208203,0.001194369,2300.317512,0
2245,0,0,0,0,0,1085.481909,678.6524393,7366.649456,1.039397334,0.07245839,278.4151198,218.0931095,1.04490562,0.082411466,592.9719805,1598.659859,1.04259128,0.121825645,0,20.64255769,0,1.009624609,0.000398123,3924.307186,0
2246,0,0,0,0,0,655.4486283,4345.02382,28479.39903,1.034267571,0.017517413,282.3357972,111.8752904,1.037126741,0.066884668,561.9190318,854.3355823,1.042375615,0.107891339,0,0,0,0,0,8618.040241,0
2247,0,0,0,0,0,550.2741546,6227.797103,34269.95786,1.039410575,0.01313806,359.4106137,162.9457068,1.041197309,0.069273406,526.8865315,724.3606225,1.032707385,0.049765378,43.30127019,41.28511539,17.87697936,1.033009495,0.001194369,10778.76825,0
2248,96.53678578,26.14723974,25.24170482,1.011794109,0.005971845,223.5076214,46540.71058,104022.0352,1.040134348,0.001990615,360.2384448,129.6282648,1.03680084,0.023489258,152.9185075,135.3033761,1.029975984,0.046580394,0,82.57023077,0,1.068167496,0.000398123,16569.11484,0
2249,100.8528852,43.68112655,44.05367642,1.023832821,0.022294889,141.3854047,121801.4117,172209.4188,1.071427918,0.000796246,142.7076857,34.98511401,1.024331831,0.030655473,136.4274407,99.84749211,1.028097691,0.01313806,0,20.64255769,0,1.056640337,0.000398123,18732.9172,0
2250,85.13205339,48.10765564,40.95503509,1.029750458,0.023489258,0,245563.8663,0,1.09717042,0.000398123,75.42298754,26.63555831,1.023522442,0.024683627,84.99863209,214.9371729,1.018692355,0.001592492,54.54545455,28.38351683,15.48191827,1.019662843,0.001592492,21533.64053,0
2251,565.371924,455.4595101,2575.040195,1.040907243,0.031053596,663.3246735,4386.54351,29097.02542,1.029143064,0.017915536,129.580508,40.37441431,1.026307545,0.027072365,330.0288133,1914.089484,1.035697679,0.010351199,54.71012044,39.40851923,21.56044834,1.038170958,0.004379353,13017.8797,0
2252,272.5682863,408.9458051,1114.656573,1.047387652,0.014730552,282.4368747,28770.56478,81258.684,1.031551023,0.003184984,114.4346016,50.6234153,1.0387058,0.016721167,87.64732678,86.4426611,1.029250768,0.007166214,132.2766286,495.4213846,655.3267051,1.052410808,0.001592492,22009.61473,0
2253,286.8089002,144.6728408,414.9345835,1.040001028,0.023489258,223.3020163,45428.07672,101441.8113,1.070477618,0.001990615,152.2771314,51.75074778,1.029531698,0.056931592,182.6436562,157.8525794,1.034167022,0.036229195,84.45682484,59.34735337,50.12289028,1.042019356,0.001592492,13053.28142,0
2254,243.0578569,199.6318238,485.2208325,1.041873036,0.031451719,434.701623,11567.98069,50286.19979,1.03363231,0.007564337,179.0666066,55.72047042,1.029819782,0.056931592,207.7544138,207.2814862,1.037538806,0.028664858,155.9202075,154.8191827,241.3943909,1.04389883,0.001194369,12329.71005,0
2255,525.7025267,641.5071775,3372.419441,1.042883015,0.056931592,769.784216,1749.39144,13466.53918,1.039182573,0.031451719,185.1991017,101.1485327,1.038560782,0.083605835,0,0,0,0,0,0,0,0,0,6078.407369,0
2256,925.4299645,1315.343776,12172.58544,1.030683793,0.039812302,359.3352739,333.9586202,1200.031122,1.044825473,0.069273406,316.8521243,197.152553,1.045640096,0.101919494,185.2778375,731.6334311,1.035963339,0.010749322,86.61202951,57.50426786,49.80561345,1.051702012,0.002786861,5183.373626,0
2257,375.4048884,111.8138542,419.7546745,1.032036465,0.026276119,212.0981406,8376.749912,17766.93081,1.059622976,0.005971845,251.0908122,74.57956328,1.037005282,0.012341814,741.7045483,10859.92271,1.030861073,0.031451719,140.7291281,55.04682052,77.46691057,1.022196087,0.001194369,8676.296418,0
2258,473.90098,132.0702416,625.8821691,1.024457606,0.019508028,140.9732832,107501.2798,151548.0837,1.117996063,0.000796246,193.2846298,31.33915577,1.021111798,0.021896766,175.2714995,401.9893067,1.030130111,0.048571009,0,0,0,0,0,14211.90149,0
2259,527.7321296,212.7559613,1122.781565,1.03321924,0.029859227,433.0847904,10689.58553,46294.96911,1.044492035,0.007564337,171.8281777,40.72213654,1.026270562,0.043793532,153.6825475,289.4815778,1.031524973,0.042997286,237.8966407,1216.190691,2893.276797,1.035372846,0.002388738,11332.60291,0
2260,126.9719798,32.68404968,41.49958496,1.014931195,0.002388738,150.870987,63.28573609,95.47981469,1.039185964,0.015128675,878.3923107,1686.828264,1.029547929,0.032247965,893.7178992,3176.09156,1.046865033,0.125408752,0,0,0,0,0,6892.978907,1
2261,0,0,0,0,0,258.5204273,1593.163113,4118.652089,1.046673481,0.005573722,217.5609128,349.3596507,1.058031456,0.01313806,299.7595632,72380.11936,1.023386503,0.003583107,0,30.96383654,0,1.086893803,0.000398123,28763.21454,1
2262,0,0,0,0,0,313.5540932,16480.26742,51674.55308,1.043831422,0.004379353,0,0,0,0,507.8492044,8917.530594,1.043147861,0.015526798,253.6913792,108.7704002,275.9411283,1.031869246,0.005175599,22658.72777,1
2263,0,0,0,0,0,372.5555472,8765.518082,32656.42386,1.062982935,0.005971845,0,0,0,0,406.008753,13396.89018,1.049270351,0.014332429,117.5306737,113.5340673,133.4373542,1.045165931,0.003184984,19336.95677,1
2264,0,0,0,0,0,370.8632864,1899.483925,7044.488509,1.037136513,0.011147445,0,0,0,0,429.767896,42538.88368,1.063792357,0.00796246,47.14045208,15.48191827,7.298246263,1.004812305,0.000796246,27300.3355,0
2265,0,0,0,0,0,240.7252228,2089.852541,5030.802185,1.046737204,0.009953076,0,0,0,0,394.9808958,48900.11203,1.055889079,0.006369968,128.7899572,44.5444666,57.36879945,1.02834639,0.007564337,25373.77546,0
2266,0,0,0,0,0,477.174205,1648.750572,7867.412436,1.047679744,0.013934306,69.2820323,17.20213141,1.007584656,0.001194369,375.5295809,27054.09973,1.034459246,0.010351199,106.8450285,1018.36618,1088.073635,1.045018902,0.002388738,17428.11365,0
2267,0,0,0,0,0,393.7201527,3242.171718,12765.08344,1.040467173,0.006369968,129.9038106,41.28511539,1.03825666,0.001194369,429.0504178,35915.92329,1.047650282,0.008758706,263.4260047,1072.675766,2825.706913,1.029907548,0.005573722,23654.87475,0
2268,0,0,0,0,0,284.3747235,1074.101085,3054.471991,1.04583499,0.005971845,66.29126074,330.2809231,1.072325894,0.000796246,356.8497352,62653.14023,1.029390277,0.005175599,121.56131,2053.93449,2496.789673,1.052331592,0.001194369,39280.17308,0
2269,0,0,0,0,0,140.1916053,1186.947067,1664.000148,1.017879553,0.000796246,0,0,0,0,141.4096229,175916.9279,1.001390659,0.000796246,0,0,0,0,0,124004.8062,0
2270,0,0,0,0,0,0,0,0,0,0,0,0,0,0,0,0,1,0.000398123,0,0,0,0,0,0,0
2271,0,0,0,0,0,0,0,0,0,0,0,0,0,0,0,0,1,0.000398123,0,0,0,0,0,0,0
2272,0,0,0,0,0,0,0,0,0,0,0,0,0,0,0,0,1,0.000398123,0,0,0,0,0,0,0
2273,0,0,0,0,0,0,0,0,0,0,0,0,0,0,0,0,1,0.000398123,0,0,0,0,0,0,1
2274,0,0,0,0,0,0,0,0,0,0,0,0,0,0,0,0,1,0.000398123,0,0,0,0,0,0,1
2275,0,0,0,0,0,0,0,0,0,0,0,0,0,0,0,0,1,0.000398123,0,0,0,0,0,0,0
2276,0,0,0,0,0,0,0,0,0,0,0,0,0,0,0,0,1,0.000398123,0,0,0,0,0,0,0
2277,0,0,0,0,0,0,0,0,0,0,0,0,0,0,0,0,1,0.000398123,0,0,0,0,0,0,1
2278,0,0,0,0,0,0,0,0,0,0,0,0,0,0,0,0,1,0.000398123,0,0,0,0,0,0,1
2279,0,0,0,0,0,0,0,0,0,0,0,0,0,0,0,0,1,0.000398123,0,0,0,0,0,0,1
2280,0,0,0,0,0,0,0,0,0,0,0,0,0,0,0,0,1,0.000398123,0,0,0,0,0,0,1
2281,0,0,0,0,0,0,0,0,0,0,0,0,0,0,0,0,1,0.000398123,0,0,0,0,0,0,1
2282,0,0,0,0,0,0,0,0,0,0,0,0,0,0,0,0,1,0.000398123,0,0,0,0,0,0,1
2283,0,0,0,0,0,0,0,0,0,0,0,0,0,0,0,0,1.004925314,0.000398123,91.28709292,24.77106923,22.61278899,1.017691154,0.001990615,102482.5767,1
2284,0,0,0,0,0,0,0,0,0,0,0,0,0,0,0,0,1,0.000398123,0,0,0,0,0,0,1
2285,0,0,0,0,0,0,0,0,0,0,0,0,0,0,0,0,1,0.000398123,0,0,0,0,0,0,1
2286,0,0,0,0,0,0,0,0,0,0,0,0,0,0,0,0,1,0.000398123,0,0,0,0,0,0,0
2287,0,0,0,0,0,0,0,0,0,0,0,0,0,0,0,0,1,0.000398123,0,0,0,0,0,0,0
2288,0,0,0,0,0,101.1761117,31.82394311,32.19822824,1.025477463,0.009554953,0,0,0,0,0,0,1.026281841,0.000398123,0,0,0,0,0,50076.61861,0
2289,0,0,0,0,0,0,20.64255769,0,1.009624609,0.000398123,0,0,0,0,0,0,1.013660549,0.000398123,138.3469789,474.7788269,656.8421637,1.052045561,0.000796246,124943.2798,0
2290,0,0,0,0,0,229.8780821,66.16204389,152.0920376,1.023317189,0.015526798,123.1734393,159.9798221,1.052710295,0.000796246,141.4095981,175544.7174,1.028691265,0.000796246,0,0,0,0,0,37850.24829,0
2291,0,0,0,0,0,123.5334133,43.8654351,54.18846924,1.038034686,0.014332429,437.3231039,460.4376816,1.050606656,0.037821687,534.5744173,37947.0243,1.030831613,0.011545568,0,0,0,0,0,16211.60488,0
2292,0,0,0,0,0,126.0963005,56.02979945,70.65150431,1.041241195,0.008360583,533.2307762,1750.23868,1.043670557,0.026276119,466.9043799,6217.05202,1.036290113,0.040210425,0,0,0,0,0,7154.742727,0
2293,0,0,0,0,0,103.7064618,95.47182933,99.01045619,1.045852624,0.004777476,337.047022,266.2889942,1.044679425,0.057727838,517.270916,40504.43466,1.02791864,0.010749322,0,0,0,0,0,15522.76072,0
2294,0,0,0,0,0,57.86018429,19.05466864,11.02506639,1.016244713,0.005175599,247.5053211,221.6175716,1.048002417,0.035432949,264.1617609,87235.90529,1.0363966,0.002786861,0,41.28511539,0,1.062712868,0.000398123,21999.1371,0
2295,0,0,0,0,0,71.84324079,38.02576417,27.31894132,1.029462502,0.007564337,480.9250308,176.4471891,1.036903735,0.079226481,344.0399365,61738.87312,1.039770255,0.004777476,0,0,0,0,0,14121.65929,0
2296,0,0,0,0,0,717.6064248,378.4982407,2716.127693,1.031225182,0.026674242,597.3314763,344.1898122,1.043937571,0.074449005,765.9421058,16271.81166,1.033874515,0.03025735,0,0,0,0,0,8048.97125,0
2297,0,0,0,0,0,546.5062148,231.0559015,1262.734861,1.031593566,0.017517413,284.1465756,151.5572691,1.046291111,0.084402081,423.1321744,49102.61796,1.029374946,0.007166214,0,0,0,0,0,12593.50074,0
2298,0,0,0,0,0,405.7929308,469.6181875,1905.677407,1.044955913,0.020702397,475.867923,148.9906958,1.038864453,0.101521371,585.0838243,31555.38755,1.032620698,0.013934306,0,0,0,0,0,10133.83503,0
2299,0,0,0,0,0,214.1886429,135.339586,289.8820225,1.035978566,0.028266735,468.8056161,105.3569978,1.041405038,0.113066938,476.3141114,43264.44017,1.042493329,0.00915683,0,2735.138894,0,1.059094107,0.000398123,10665.40692,0
2300,0,0,0,0,0,520.1754631,869.7397641,4524.172846,1.043818586,0.017915536,318.6182975,123.0296439,1.041775189,0.099530755,746.7132986,23336.37401,1.031500552,0.023091135,0,20.64255769,0,1.009624609,0.000398123,9581.374605,0
2301,0,0,0,0,0,306.7863176,449.6207098,1379.374819,1.051825402,0.006369968,488.4834856,167.0170577,1.041998101,0.074449005,513.6506187,40474.24592,1.048121193,0.010749322,0,0,0,0,0,13885.87255,0
2302,0,0,0,0,0,0,10.32127885,0,1,0.000398123,222.9873964,423.1724327,1.050883978,0.005175599,299.3616642,81677.01987,1.051837821,0.003583107,115.7083824,56.76703366,65.68421637,1.007327901,0.000796246,48971.97159,0
2303,0,0,0,0,0,0,0,0,0,0,344.4971777,169.7578758,1.040086705,0.03025735,422.4935774,55928.06695,1.042825993,0.007166214,0,0,0,0,0,24469.86506,0
2304,0,0,0,0,0,192.5446827,261.9024507,504.2792427,1.039874788,0.003184984,380.7348323,245.1790579,1.045420969,0.02110052,465.304734,49922.40235,1.032885998,0.008758706,0,51.60639423,0,1.016963949,0.000398123,25546.87598,0
2305,0,0,0,0,0,238.2247429,115.4454152,275.0195437,1.044520331,0.010749322,572.5839975,1471.126278,1.03498396,0.017915536,673.6374897,22686.7301,1.038988666,0.021498643,0,0,0,0,0,15649.12828,0
2306,0,0,0,0,0,0,0,0,0,0,92.23131929,118.6947067,1.026727223,0.000796246,0,0,1.000927975,0.000398123,0,0,0,0,0,144812.492,0
2307,0,0,0,0,0,0,0,0,0,0,81.64965809,123.8553462,1.03983931,0.002388738,0,0,1.015643696,0.000398123,0,0,0,0,0,94608.95765,0
2308,0,0,0,0,0,0,0,0,0,0,35.29411765,43.8654351,1.023313491,0.001592492,0,0,1.005494899,0.000398123,0,0,0,0,0,112232.4183,0
2309,0,0,0,0,0,0,0,0,0,0,0,0,0,0,0,0,1,0.000398123,0,0,0,0,0,0,0
2310,0,0,0,0,0,0,0,0,0,0,0,0,0,0,0,0,1,0.000398123,0,0,0,0,0,0,0
2311,0,0,0,0,0,0,0,0,0,0,0,0,0,0,0,0,1,0.000398123,0,0,0,0,0,0,0
2312,0,0,0,0,0,0,0,0,0,0,0,0,0,0,0,0,1,0.000398123,0,0,0,0,0,0,0
2313,0,0,0,0,0,0,0,0,0,0,0,0,0,0,0,0,1,0.000398123,0,0,0,0,0,0,0
2314,0,0,0,0,0,0,0,0,0,0,0,0,0,0,0,0,1,0.000398123,0,0,0,0,0,0,1
2315,0,0,0,0,0,0,0,0,0,0,0,20.64255769,1.009624609,0.000398123,0,0,1.000888049,0.000398123,0,0,0,0,0,177580.9281,1
2316,0,0,0,0,0,238.1256054,101.1485327,240.8605559,1.042016025,0.009953076,150.7554965,80.89650988,1.038332674,0.029461104,223.1669879,108309.0036,1.045475555,0.001990615,0,0,0,0,0,23749.71865,1
2317,0,0,0,0,0,531.9704587,367.8934362,1957.0844,1.04308793,0.064894053,669.7111556,365.3852727,1.043110513,0.06847716,916.537649,12635.49898,1.030744018,0.037025441,122.5651754,77.40959135,94.87720142,1.027159486,0.000796246,6184.392499,1
2318,0,0,0,0,0,714.4080683,2676.436621,19120.67916,1.043610268,0.025479873,564.0899512,224.0546226,1.045612679,0.109085708,264.6653365,302.4115093,1.034315344,0.062107191,123.7694193,67.0883125,83.03481483,1.013901286,0.00398123,6883.329092,1
2319,0,0,0,0,0,830.4919515,1006.66873,8360.302782,1.041605672,0.047774763,580.9734911,364.5882725,1.040518402,0.056533469,726.6746186,2758.69425,1.040679404,0.082013343,73.37993857,134.176625,98.45872501,1.065859761,0.001194369,4737.020358,0
2320,0,0,0,0,0,1025.283919,809.2503445,8297.113648,1.038295969,0.052950362,343.555725,135.3351359,1.040591608,0.078032112,1078.8437,4726.115668,1.036634796,0.105900724,49.73890161,99.08427693,49.28343101,1.035090129,0.001990615,5018.337189,0
2321,0,0,0,0,0,782.7768208,484.5708094,3793.107977,1.0477441,0.077633989,693.294629,193.2598512,1.044732874,0.101123248,691.9798779,2722.407056,1.04080927,0.108289462,120.1356428,73.53911178,88.34668461,1.019715368,0.003184984,2689.224766,0
2322,70.71067812,20.64255769,14.59649253,1.011376984,0.000796246,660.0516487,623.2378702,4113.691838,1.041549167,0.073652759,717.1806434,237.4449042,1.038322445,0.074050882,607.6832379,2230.992273,1.046993251,0.099132632,103.0533842,28.67021902,29.54563096,1.01595924,0.003583107,2789.017013,0
2323,0,0,0,0,0,661.8505357,645.1428625,4269.881492,1.042507774,0.065292176,452.3068106,317.4128352,1.044282858,0.061310945,1107.284106,5244.703514,1.035300536,0.08042085,104.3785832,90.5978921,94.56479622,1.036078967,0.003583107,4088.514356,0
2324,177.443044,68.58656266,121.7020846,1.025869222,0.012341814,842.1753414,2329.770668,19620.75408,1.033314419,0.031849842,502.5343028,114.7517463,1.036338624,0.070865898,751.4722498,1885.484258,1.035765544,0.066884668,15.71348403,46.44575481,7.298246263,1.039599221,0.000796246,8276.840389,0
2325,157.2519054,65.79815265,103.4688488,1.037591158,0.015924921,386.5320283,14903.23857,57605.79033,1.02547146,0.005971845,278.0323118,62.61575834,1.029212179,0.059718453,290.7556098,311.0095897,1.028227858,0.052552239,104.3955818,495.4213846,517.1980369,1.043671874,0.001194369,12099.04596,0
2326,0,61.92767308,0,1.003060967,0.000398123,423.0629279,12223.26118,51712.08661,1.037363073,0.007166214,134.0100693,55.40897065,1.031203222,0.045386024,514.0049269,581.3395457,1.031931819,0.085198327,92.65947367,115.5983231,107.1127977,1.03628413,0.001990615,11699.74565,0
2327,120.5136039,57.29362952,69.04661776,1.026231215,0.019508028,141.396774,118756.6344,167918.05,1.072500351,0.000796246,140.9628696,73.21657182,1.03713876,0.025479873,115.7682677,111.5860541,1.021291285,0.024683627,111.6484391,98.05214904,109.4736939,1.046424927,0.000796246,17745.55752,0
2328,183.5086877,57.75946431,105.993635,1.028429244,0.020702397,199.9149147,56607.05383,113165.9434,1.05399586,0.001592492,223.4429993,73.55163761,1.030907567,0.041006671,109.3297074,168.5580954,1.022050016,0.012739937,170.0139797,3079.181523,5235.039048,1.032266009,0.001194369,16255.85139,0
2329,75.27637685,27.7384369,20.88049029,1.02000774,0.012739937,141.3501441,122983.1981,173836.9277,1.064555988,0.000796246,99.36466319,30.74423486,1.018885564,0.018711782,135.9971187,398.2897122,1.030867074,0.003184984,162.3058695,89.45108334,145.1843586,1.022751152,0.002388738,25223.88564,0
2330,223.7598607,84.10447493,188.1920559,1.033132613,0.029461104,173.1718942,80801.85166,139926.0971,1.040485366,0.001194369,169.6708226,43.64426484,1.024234408,0.013934306,152.3421394,194.5802555,1.023264987,0.003184984,0,0,0,0,0,22119.5082,0
2331,320.8528651,120.695771,387.2558393,1.034974093,0.039016056,223.545631,47164.11582,105433.3203,1.039646894,0.001990615,83.90175254,40.04656192,1.028679774,0.019906151,75.38919881,137.1424062,1.02533492,0.003184984,20.20305089,36.12447596,7.298246263,1.060382768,0.000796246,18461.91586,0
2332,270.2830085,138.6158847,374.6551835,1.04299348,0.037025441,223.5067651,46142.30921,103131.1826,1.038302222,0.001990615,176.0993282,54.87899484,1.026244904,0.016323044,283.9060908,453.7484782,1.0255582,0.01313806,0,51.60639423,0,1.044685061,0.000398123,17528.65965,0
2333,233.114787,173.0372789,403.3754841,1.045833141,0.05932033,299.7571845,23909.81585,71671.39082,1.029535755,0.003583107,122.092188,55.16969288,1.033275647,0.033442334,105.604771,229.9330933,1.031370841,0.008360583,129.7577392,500.5820241,649.5439174,1.046773138,0.000796246,13204.89643,0
2334,507.2534993,1172.991535,5950.04061,1.042190353,0.028266735,724.2151352,1616.782604,11708.98432,1.036307444,0.031451719,222.0751855,136.874232,1.04223079,0.070069652,175.6965763,510.657201,1.023537397,0.009953076,215.7736029,1762.874427,3803.817667,1.063390913,0.001990615,6143.875461,0
2335,859.4712923,1252.560911,10765.40145,1.032383556,0.033442334,700.1631296,1128.783625,7903.326758,1.039798177,0.033840457,249.3128458,164.574912,1.045498293,0.087188942,219.5552712,480.9583169,1.031282178,0.023091135,140.8417797,141.0574776,198.6678618,1.044600986,0.003583107,5753.101683,0
2336,372.2419216,1402.055625,5219.038801,1.048564147,0.02508175,729.6266441,1280.882302,9345.658554,1.035001202,0.035432949,275.579235,111.3360172,1.035232517,0.085994573,162.2378964,307.0867422,1.030538509,0.023489258,320.9003487,1239.49176,3977.533379,1.03829567,0.004379353,4712.863465,0
2337,734.1890398,2525.510162,18542.01881,1.037022112,0.023091135,626.1487353,357.9468362,2241.279588,1.045021784,0.067282791,247.0095167,120.8142551,1.042986364,0.133769335,81.12114348,191.284893,1.034858873,0.005175599,88.05480671,273.5138894,240.8421267,1.096172681,0.000796246,5998.184526,0
2338,585.06879,1639.098475,9589.853616,1.038826113,0.031053596,713.0669132,474.525544,3383.684649,1.037260153,0.064894053,239.3266187,125.3246949,1.039067612,0.11465943,121.6887711,424.7508645,1.052960374,0.004379353,196.5057677,336.0149669,660.2887902,1.067046995,0.007166214,4044.688449,0
2339,647.121586,1218.859987,7887.506079,1.039395232,0.034636703,918.9119207,939.5491411,8633.629058,1.036096015,0.052552239,243.3527077,63.99960266,1.032824065,0.107095093,151.8087884,515.6396572,1.033065071,0.004379353,74.60835241,33.02809231,24.64171551,1.01447833,0.001990615,5505.664614,0
2340,0,0,0,0,0,175.9663955,180.6223798,317.8346912,1.060105287,0.00398123,84.13197549,23.2228774,1.019436884,0.001592492,199.8751113,121132.2506,1.019792623,0.001592492,134.1747809,1715.912608,2302.321983,1.028997579,0.001592492,51580.53773,1
2341,0,0,0,0,0,0,0,0,0,0,0,0,0,0,0,0,1,0.000398123,0,0,0,0,0,0,0
2342,0,0,0,0,0,172.7274932,3743.183795,6465.507536,1.044953406,0.001194369,0,0,0,0,173.0374544,138400.5994,1.044912186,0.001194369,0,0,0,0,0,97068.87111,0
2343,0,0,0,0,0,240.7218976,9199.699879,22145.69212,1.054074578,0.002388738,0,0,0,0,585.7415884,31025.37725,1.047445871,0.014730552,0,0,0,0,0,29754.33851,0
2344,0,0,0,0,0,163.0560206,510.0431963,831.6561395,1.035295437,0.004777476,0,0,0,0,141.4094436,173267.6645,1.015730675,0.000796246,0,0,0,0,0,65370.35093,0
2345,0,0,0,0,0,214.3488516,3327.752321,7132.998886,1.040718439,0.004777476,0,0,0,0,359.467519,58412.25909,1.019849453,0.005175599,0,0,0,0,0,42103.79502,0
2346,0,0,0,0,0,238.7557718,1455.300317,3474.613504,1.033919219,0.005971845,97.29218719,49.02607452,1.037223741,0.003184984,264.4036578,84212.544,1.025399098,0.002786861,203.0981619,546.0894808,1109.097698,1.038452885,0.004379353,34759.55899,1
2347,0,0,0,0,0,140.7542744,6564.333346,9239.579769,1.059150684,0.000796246,95.21904571,25.80319712,1.032546531,0.001592492,173.1256285,136332.8265,1.017419072,0.001194369,0,1703.01101,0,1.018627371,0.000398123,74268.55701,1
2348,0,0,0,0,0,0,0,0,0,0,0,0,0,0,0,0,1,0.000398123,0,0,0,0,0,0,1
2349,0,0,0,0,0,0,0,0,0,0,0,0,0,0,0,0,1,0.000398123,0,0,0,0,0,0,1
2350,0,0,0,0,0,0,0,0,0,0,0,0,0,0,0,0,1,0.000398123,0,0,0,0,0,0,1
2351,0,0,0,0,0,0,0,0,0,0,0,0,0,0,0,0,1,0.000398123,0,0,0,0,0,0,1
2352,0,0,0,0,0,0,0,0,0,0,0,0,0,0,0,0,1,0.000398123,0,0,0,0,0,0,1
2353,0,0,0,0,0,0,0,0,0,0,0,0,0,0,0,0,1,0.000398123,0,0,0,0,0,0,1
2354,0,0,0,0,0,0,0,0,0,0,0,0,0,0,0,0,1,0.000398123,0,0,0,0,0,0,1
2355,0,0,0,0,0,0,0,0,0,0,0,0,0,0,0,0,1,0.000398123,0,0,0,0,0,0,1
2356,0,0,0,0,0,0,0,0,0,0,0,0,0,0,0,0,1,0.000398123,0,0,0,0,0,0,1
2357,0,0,0,0,0,239.8493193,2573.438859,6172.375586,1.042757881,0.002388738,0,0,0,0,295.2851033,77344.35811,1.038531475,0.003583107,0,0,0,0,0,59794.9408,1
2358,0,0,0,0,0,308.272613,1071.938532,3304.492921,1.057363288,0.008360583,47.14045208,15.48191827,1.004812305,0.000796246,357.5974911,61424.48469,1.03585233,0.005175599,257.1793934,485.1001058,1247.577509,1.050943448,0.004379353,32312.86127,1
2359,0,0,0,0,0,99.32107828,2461.625005,2444.912498,1.062843705,0.000796246,0,0,0,0,0,0,1.022026558,0.000398123,0,0,0,0,0,140765.0137,1
2360,0,0,0,0,0,40.82482905,20.64255769,8.427288889,1.010500797,0.001592492,0,0,0,0,0,0,1.003502573,0.000398123,0,0,0,0,0,112284.3457,1
2361,0,0,0,0,0,0,0,0,0,0,0,0,0,0,0,0,1,0.000398123,0,0,0,0,0,0,0
2362,0,0,0,0,0,28.28427125,25.80319712,7.298246263,1.016189289,0.000796246,0,0,0,0,0,0,1.002059748,0.000398123,0,0,0,0,0,144973.3642,0
2363,0,0,0,0,0,74.97534111,26.835325,20.11987646,1.02588202,0.001990615,0,0,0,0,0,0,1.005487258,0.000398123,0,0,0,0,0,102477.5199,0
2364,0,0,0,0,0,0,10.32127885,0,1,0.000398123,0,0,0,0,0,0,1.000592338,0.000398123,0,0,0,0,0,177595.5246,0
2365,0,0,0,0,0,146.9693846,51.60639423,75.8456,1.046315694,0.003583107,0,0,0,0,0,0,1.014076534,0.000398123,0,0,0,0,0,79266.49934,0
2366,0,0,0,0,0,119.5064644,34.83431611,41.62925956,1.035214139,0.003184984,0,0,0,0,0,0,1.009609565,0.000398123,0,0,0,0,0,83621.72012,0
2367,0,0,0,0,0,53.45224838,20.64255769,11.03391121,1.019394464,0.003184984,0,10.32127885,1,0.000398123,0,0,1.007701719,0.000398123,0,0,0,0,0,79368.01053,0
2368,0,0,0,0,0,0,0,0,0,0,0,0,0,0,0,0,1,0.000398123,0,0,0,0,0,0,0
2369,0,0,0,0,0,0,0,0,0,0,0,0,0,0,0,0,1,0.000398123,0,0,0,0,0,0,0
2370,0,0,0,0,0,0,0,0,0,0,0,0,0,0,0,0,1,0.000398123,0,0,0,0,0,0,0
2371,0,0,0,0,0,0,0,0,0,0,235.5818994,221.2343683,1.035300524,0.00915683,223.5481836,110026.0574,1.012091626,0.001990615,0,0,0,0,0,46463.39768,0
2372,0,0,0,0,0,0,0,0,0,0,224.948777,124.2601022,1.04078304,0.020304274,199.7864421,122289.9688,1.035208367,0.001592492,0,0,0,0,0,32972.751,0
2373,0,0,0,0,0,0,0,0,0,0,324.7384978,180.135527,1.042826983,0.02110052,315.4625037,76225.66505,1.057017165,0.00398123,0,0,0,0,0,30360.68609,0
2374,0,0,0,0,0,0,20.64255769,0,1.056640337,0.000398123,494.8615281,381.8873173,1.039398455,0.023091135,506.4615339,44609.23613,1.037233789,0.010351199,0,0,0,0,0,24697.33344,0
2375,0,0,0,0,0,0,0,0,0,0,532.243829,338.13407,1.037375837,0.018313659,569.4083803,38267.81333,1.026832234,0.013934306,0,402.529875,0,1.03256956,0.000398123,25031.60491,0
2376,0,0,0,0,0,0,0,0,0,0,172.325447,52.79731102,1.032277431,0.010351199,141.40967,176624.8578,1.015909289,0.000796246,0,0,0,0,0,47197.33082,0
2377,0,0,0,0,0,0,0,0,0,0,0,0,0,0,0,0,1,0.000398123,0,0,0,0,0,0,0
2378,0,0,0,0,0,0,0,0,0,0,0,0,0,0,0,0,1,0.000398123,0,0,0,0,0,0,0
2379,0,0,0,0,0,0,0,0,0,0,0,0,0,0,0,0,1,0.000398123,0,0,0,0,0,0,0
2380,0,0,0,0,0,0,0,0,0,0,0,0,0,0,0,0,1,0.000398123,0,0,0,0,0,0,0
2381,0,0,0,0,0,0,0,0,0,0,78.26441532,55.4768738,1.027991241,0.003184984,0,0,1.033676511,0.000398123,67.00883833,141.0574776,94.52097709,1.084533236,0.002388738,64497.18047,0
2382,0,0,0,0,0,0,0,0,0,0,0,0,0,0,0,0,1,0.000398123,0,0,0,0,0,0,0
2383,0,0,0,0,0,0,0,0,0,0,94.28090416,30.96383654,1.022342531,0.000796246,0,0,1.002350867,0.000398123,0,0,0,0,0,144964.4271,0
2384,0,0,0,0,0,0,0,0,0,0,0,0,0,0,0,0,1,0.000398123,0,0,0,0,0,0,0
2385,0,0,0,0,0,0,0,0,0,0,0,0,0,0,0,0,1,0.000398123,0,0,0,0,0,0,0
2386,0,0,0,0,0,0,0,0,0,0,0,0,0,0,0,0,1,0.000398123,0,0,0,0,0,0,0
2387,0,0,0,0,0,0,0,0,0,0,0,0,0,0,0,0,1,0.000398123,0,0,0,0,0,0,0
2388,0,0,0,0,0,0,0,0,0,0,145.8664404,64.87660989,1.040922371,0.005573722,141.3980271,176938.6824,1.016147567,0.000796246,0,0,0,0,0,62547.01283,1
2389,0,0,0,0,0,246.6144196,376.4231109,928.3136701,1.039334974,0.006768091,398.2671251,408.4277486,1.032284843,0.008360583,299.483869,78598.69833,1.020758985,0.003583107,0,0,0,0,0,34373.70507,1
2390,0,0,0,0,0,601.0107057,3359.436788,20190.57474,1.031004722,0.014730552,195.2971195,69.01830773,1.036300144,0.097938263,652.3546455,14878.82385,1.022358825,0.019109905,75.78875568,42.31724327,32.07171211,1.020972048,0.00398123,8671.873264,1
2391,0,0,0,0,0,583.5802025,5341.114356,31169.68597,1.035388182,0.013934306,294.9276327,91.96721599,1.038185313,0.160045455,247.3215883,314.4599733,1.029999573,0.082411466,79.49379813,55.85633258,44.40232027,1.031458969,0.006768091,7176.602867,1
2392,0,0,0,0,0,816.6326037,2307.213241,18841.45556,1.032949234,0.03025735,475.766797,134.0394652,1.036250634,0.11983503,314.184369,366.3265536,1.034029741,0.119436907,72.44538652,29.74956844,21.55218984,1.027047227,0.006768091,6254.617673,1
2393,207.0157148,193.5239784,400.6250471,1.061704747,0.011147445,936.9802357,997.10926,9342.716694,1.040639382,0.044589778,629.5277345,158.6806402,1.036783668,0.113863184,954.8064209,3433.695862,1.040808866,0.091170172,152.4692545,373.3874406,569.301047,1.052164036,0.006768091,4355.407683,0
2394,0,0,0,0,0,116.0676411,68.44637551,79.4440935,1.035838278,0.007564337,62.76207941,26.66330369,1.022937106,0.004777476,0,0,1.041272953,0.000398123,0,41.28511539,0,1,0.000398123,43426.32686,0
2395,0,0,0,0,0,288.2584992,113.6569397,327.6257885,1.034666928,0.033442334,84.85281374,25.80319712,1,0.000796246,244.5220108,98435.82705,1.061238789,0.002388738,0,41.28511539,0,1.034513382,0.000398123,25000.68329,0
2396,0,0,0,0,0,901.4999091,1095.215252,9873.364501,1.028089301,0.035432949,151.0046381,35.65532692,1.024896989,0.008758706,998.6613324,13758.14038,1.033497087,0.044191655,0,0,0,0,0,11540.47822,0
2397,28.46375213,17.69362088,5.03626839,1.013591253,0.002786861,969.7897829,1457.880637,14138.37747,1.032832055,0.042997286,56.37504996,22.23044675,1.021320722,0.005175599,902.6210655,6285.656548,1.032622363,0.053348485,0,0,0,0,0,10113.7443,0
2398,121.6121629,44.72554167,54.39169861,1.03001967,0.014332429,315.2412655,21685.00686,68360.09005,1.041606977,0.00398123,118.8516889,34.97092127,1.025866261,0.033840457,496.5661428,1001.331128,1.030680624,0.058524084,28.28427125,51.60639423,14.59649253,1.044016964,0.000796246,12935.98591,0
2399,94.57239975,59.68391681,56.44451239,1.035688361,0.018313659,141.4090368,118483.1205,167545.8395,1.074277615,0.000796246,273.9327405,66.16482966,1.033346928,0.037821687,85.60176895,129.4096542,1.023207731,0.013536183,0,20.64255769,0,1.009624609,0.000796246,17705.58021,0
2400,160.3843524,45.41362693,72.83635145,1.023642292,0.001990615,445.5770513,11577.37848,51586.14166,1.034615919,0.00796246,707.5698555,148.2762291,1.030336243,0.044589778,74.13814508,123.3885755,1.025234707,0.006369968,58.0756495,44.72554167,25.97464882,1.028540111,0.001194369,18485.0612,0
2401,78.173596,30.96383654,24.20554448,1.022724223,0.003583107,244.8314524,38721.99781,94803.62963,1.024871122,0.002388738,246.4119537,58.44075455,1.031266145,0.029461104,196.1401192,613.8031931,1.031359975,0.009953076,260.1259203,802.4794303,2087.457003,1.028955111,0.003184984,21020.80573,0
2402,0,30.96383654,0,1.022753969,0.000398123,0,245584.5089,0,1.088486247,0.000398123,112.6150176,41.55672799,1.024799185,0.03025735,84.02793826,166.950588,1.030142515,0.003184984,129.6526364,62.72161761,81.32023081,1.029225138,0.005175599,24676.56266,0
2403,176.5470817,59.9924333,105.9148902,1.031723791,0.019109905,0,245450.3323,0,1.096668008,0.000398123,117.2818462,35.75585886,1.023986731,0.022294889,91.89189189,87.7308702,1.025092954,0.001592492,135.1359626,232.228774,313.8245893,1.051018802,0.000796246,23292.33488,0
2404,231.6526215,173.6403382,402.2423956,1.038596935,0.020304274,199.8923466,57523.06733,114984.2092,1.041878389,0.001592492,201.1033421,80.9711594,1.035931408,0.028266735,229.5553164,781.8704624,1.033791312,0.007564337,0,10.32127885,0,1,0.000398123,19026.7955,0
2405,254.0877793,148.445934,377.1829772,1.038924685,0.072856513,315.7424769,21670.55707,68423.15365,1.044352537,0.00398123,126.7786833,49.65591634,1.027919627,0.050561624,49.31341641,53.15987448,1.014020656,0.003583107,0,30.96383654,0,1.022753969,0.000398123,11910.42606,0
2406,261.8602776,213.6206992,559.3877559,1.04241212,0.082809589,467.2863746,9192.50626,42955.32924,1.027968081,0.008758706,157.3480666,47.5785781,1.026617876,0.032646088,0,0,1.055568483,0.000398123,103.9624255,79.98991106,83.1594517,1.029522151,0.001592492,11318.66172,0
2407,706.5635115,1822.324993,12875.88346,1.045219722,0.029859227,580.9376728,718.7670908,4175.58881,1.037706694,0.048571009,277.56608,100.4295223,1.040584143,0.106298847,0,0,0,0,0,0,0,0,0,5611.1439,0
2408,755.9691354,1191.890873,9010.327129,1.043509827,0.04737664,941.0512441,784.5998698,7383.486836,1.036380409,0.044987901,299.8710545,118.0346249,1.038883993,0.06847716,55.33879157,65.68421637,1.028967888,0.000796246,98.97433186,48.16596795,47.67194496,1.011301674,0.001194369,6221.78879,0
2409,639.2674548,2078.017474,13284.08942,1.040760466,0.027470489,666.3765516,499.6922586,3329.832042,1.045536803,0.057727838,245.3857004,116.8213239,1.042282153,0.116251922,81.36171795,136.7604222,1.030508113,0.002786861,34.64101615,17.20213141,5.95899312,1.006416406,0.001194369,5183.337212,0
2410,431.427329,1663.898795,7178.514129,1.045953969,0.03025735,819.047719,728.2046075,5964.343228,1.039742551,0.048172886,288.3486418,124.3732598,1.038044853,0.111076323,73.42737841,237.4641936,1.050984733,0.001194369,75.86746256,28.46170833,21.59317591,1.02414292,0.01313806,4036.411104,0
2411,599.667494,897.6209787,5382.741229,1.049618504,0.049765378,630.7137232,1251.670087,7894.455007,1.03913797,0.03821981,198.9179513,58.54718454,1.033959086,0.114261307,149.4432471,330.7688523,1.026808428,0.003583107,0,20.64255769,0,1.056640337,0.000398123,4320.096771,0
2412,654.2553995,679.870361,4448.088547,1.042674398,0.058524084,652.2797356,1815.486484,11842.05044,1.040653471,0.031053596,188.8774517,52.79960566,1.029272237,0.068875283,76.28892449,52.49328417,1.025884737,0.002388738,100,20.64255769,20.64255769,1.004240987,0.001592492,5835.448348,0
2413,578.4190233,5537.062534,32027.42303,1.033204806,0.013536183,161.2916996,2322.28774,3745.657365,1.10669381,0.001194369,146.5956278,40.69443979,1.033159053,0.132176843,340.5400189,343.0922849,1.036861294,0.166813546,74.96555683,56.76703366,42.55572288,1.037771053,0.001592492,6643.54598,0
2414,0,0,0,0,0,85.17751816,22.55390563,19.21085706,1.018608899,0.010749322,87.44322016,33.63972365,1.031144471,0.010749322,0,0,1.043684988,0.000398123,0,0,0,0,0,33660.55891,1
2415,0,0,0,0,0,122.5926333,198.6846178,243.5727048,1.042235546,0.001592492,139.6809386,114.9102378,1.048853193,0.005971845,0,0,1.034733684,0.000398123,0,0,0,0,0,55572.7494,1
2416,0,0,0,0,0,243.6594216,5096.991537,12419.3001,1.04239752,0.002388738,130.9041497,78.76765436,1.04560482,0.007564337,281.6341704,76758.34251,1.041525417,0.003184984,153.7908208,265.7729303,408.7343709,1.067879174,0.001592492,35904.35953,0
2417,0,0,0,0,0,323.472914,12964.46453,41936.5312,1.035627652,0.004379353,0,20.64255769,1.009624609,0.000398123,380.0441119,15018.80699,1.042818831,0.010351199,297.2081541,96.67597853,287.3288913,1.030728393,0.023887381,16003.34617,0
2418,0,0,0,0,0,376.5939351,8664.068512,32628.35655,1.045052089,0.006369968,84.85281374,25.80319712,1.017256691,0.000796246,615.8028033,13333.34922,1.043834054,0.019906151,326.844722,141.4015202,462.1634056,1.033687835,0.011943691,16207.02126,1
2419,0,0,0,0,0,241.0869218,4058.691123,9784.973492,1.052789085,0.006768091,0,0,0,0,240.7506925,72967.76796,1.030838451,0.002388738,123.7436867,82.57023077,102.1754477,1.013308149,0.001592492,34867.01151,1
2420,0,0,0,0,0,465.8115012,1102.312581,5134.69878,1.036153757,0.009953076,0,0,0,0,199.8399532,111690.0002,1.058059227,0.001592492,47.14045208,30.96383654,14.59649253,1.022068996,0.000796246,40227.0938,1
2421,0,0,0,0,0,174.8408747,73.28107981,128.125281,1.014161186,0.00398123,46.48111259,18.57830192,1.027206928,0.001990615,0,0,1.046530569,0.000398123,111.2552094,44.6026693,49.62279313,1.030934562,0.011147445,37546.64729,1
2422,0,0,0,0,0,495.6603472,926.5147988,4592.366469,1.033377868,0.01711929,161.4412926,30.4477726,1.019416511,0.00796246,329.0675443,62042.92644,1.049155633,0.004379353,157.9107579,114.957692,181.5305627,1.033694456,0.011545568,20463.99163,1
2423,0,0,0,0,0,188.2211365,155.2883317,292.2854629,1.034202564,0.008758706,66.01446929,31.45532601,1.032620673,0.008360583,0,0,1.066707559,0.000398123,158.1387887,47.47788269,75.0809486,1.024082368,0.009953076,29595.87395,1
2424,0,0,0,0,0,137.2302928,63.21783294,86.75401726,1.029977706,0.006369968,0,30.96383654,1.022753969,0.000398123,0,0,1.029012722,0.000398123,36.91721667,32.68404968,12.06604144,1.029875716,0.002388738,51007.86521,1
2425,0,0,0,0,0,40,12.90159856,5.160639423,1.014160084,0.001592492,0,10.32127885,1,0.000398123,0,0,1.008521625,0.000398123,75.05100307,24.08298398,18.07452104,1.010183657,0.002388738,72444.0224,1
2426,0,0,0,0,0,271.1816141,223.971751,607.3702094,1.034863361,0.00398123,84.85281374,51.60639423,1.053758649,0.000796246,0,0,1.031189649,0.000398123,56.54406984,29.2436234,16.53553484,1.026667513,0.002388738,57016.17299,1
2427,0,0,0,0,0,327.9744153,244.270266,801.1439769,1.027403135,0.016721167,0,0,0,0,173.0149216,138239.7182,1.073091048,0.001194369,166.1342471,67.66171688,112.4092839,1.033562244,0.007166214,30160.95757,1
2428,0,0,0,0,0,356.3736309,1262.144956,4497.951807,1.030835323,0.013934306,93.9491686,37.8446891,1.018500991,0.002388738,219.4938876,90341.91891,1.080527568,0.001990615,98.77675972,98.05214904,96.85273566,1.046364445,0.00398123,27214.38478,1
2429,0,0,0,0,0,353.4458047,1068.72151,3777.35134,1.037535291,0.008758706,146.9812864,168.5808878,1.042902207,0.001194369,274.9607238,61969.39545,1.033559693,0.00398123,103.819599,595.1937468,617.9277613,1.089043715,0.001194369,32176.7833,1
2430,0,0,0,0,0,89.32723946,30.56686428,27.30453605,1.023302094,0.010351199,0,0,0,0,0,0,1.027176335,0.000398123,0,0,0,0,0,48180.52955,1
2431,0,0,0,0,0,66.66666667,15.48191827,10.32127885,1.005688492,0.001592492,0,0,0,0,0,0,1.004921496,0.000398123,0,20.64255769,0,1.033132473,0.000796246,94891.09081,1
2432,0,0,0,0,0,0,0,0,0,0,0,0,0,0,0,0,1,0.000398123,0,0,0,0,0,0,1
2433,0,0,0,0,0,0,10.32127885,0,1,0.000796246,0,0,0,0,0,0,1.001180929,0.000398123,0,0,0,0,0,145000.1796,0
2434,0,0,0,0,0,0,0,0,0,0,0,0,0,0,0,0,1,0.000398123,0,0,0,0,0,0,0
2435,0,0,0,0,0,0,0,0,0,0,0,0,0,0,0,0,1,0.000398123,0,0,0,0,0,0,0
2436,0,0,0,0,0,94.78236934,45.70852061,43.32361882,1.030553787,0.002786861,0,0,0,0,0,0,1.010415019,0.000398123,0,0,0,0,0,88675.78638,0
2437,0,0,0,0,0,34.64101615,17.20213141,5.95899312,1.022088315,0.001194369,0,0,0,0,0,0,1.014348129,0.000398123,96.85603343,84.29044391,81.64038054,1.040647396,0.002388738,79233.85807,0
2438,0,0,0,0,0,0,0,0,0,0,0,0,0,0,0,0,1.001478588,0.000398123,0,51.60639423,0,1.016963949,0.000398123,177537.1386,0
2439,0,0,0,0,0,0,0,0,0,0,0,0,0,0,0,0,1,0.000398123,0,0,0,0,0,0,0
2440,0,0,0,0,0,0,0,0,0,0,0,0,0,0,0,0,1,0.000398123,0,0,0,0,0,0,0
2441,0,0,0,0,0,0,0,0,0,0,0,0,0,0,0,0,1,0.000398123,0,0,0,0,0,0,0
2442,0,0,0,0,0,0,0,0,0,0,0,0,0,0,0,0,1.005207665,0.000398123,10.87856586,67.0883125,7.298246263,1.084974873,0.000796246,144901.8563,0
2443,0,0,0,0,0,0,0,0,0,0,0,0,0,0,0,0,1,0.000398123,0,0,0,0,0,0,0
2444,0,0,0,0,0,0,0,0,0,0,0,0,0,0,0,0,1,0.000398123,0,0,0,0,0,0,0
2445,0,0,0,0,0,0,0,0,0,0,0,0,0,0,0,0,1,0.000398123,0,0,0,0,0,0,0
2446,0,0,0,0,0,0,0,0,0,0,0,0,0,0,0,0,1,0.000398123,0,0,0,0,0,0,0
2447,0,0,0,0,0,0,0,0,0,0,0,0,0,0,0,0,1,0.000398123,0,0,0,0,0,0,0
2448,0,0,0,0,0,0,0,0,0,0,0,0,0,0,0,0,1,0.000398123,0,0,0,0,0,0,0
2449,0,0,0,0,0,0,0,0,0,0,0,0,0,0,0,0,1,0.000398123,0,0,0,0,0,0,0
2450,0,0,0,0,0,0,0,0,0,0,0,0,0,0,0,0,1,0.000398123,0,0,0,0,0,0,0
2451,0,0,0,0,0,0,0,0,0,0,0,0,0,0,0,0,1,0.000398123,0,0,0,0,0,0,0
2452,0,0,0,0,0,0,0,0,0,0,0,0,0,0,0,0,1,0.000398123,0,0,0,0,0,0,0
2453,0,0,0,0,0,0,0,0,0,0,0,0,0,0,0,0,1.009351697,0.000398123,72.81987624,110.093641,80.17005314,1.072134594,0.001194369,125369.1508,0
2454,0,0,0,0,0,0,0,0,0,0,0,0,0,0,141.4096719,176654.0508,1.018464866,0.000796246,88.88246968,110.9537476,98.61843107,1.079717737,0.004777476,66744.19595,0
2455,0,0,0,0,0,0,0,0,0,0,0,0,0,0,0,0,1,0.000398123,0,0,0,0,0,0,0
2456,0,0,0,0,0,0,0,0,0,0,70.71067812,20.64255769,1.011376984,0.000796246,0,0,1.001767723,0.000398123,0,0,0,0,0,144982.303,1
2457,0,0,0,0,0,28.28427125,25.80319712,7.298246263,1.016189289,0.000796246,149.7604139,71.64181788,1.039967645,0.006768091,0,0,1.026827064,0.000398123,0,10.32127885,0,1,0.000796246,53263.39178,1
2458,0,0,0,0,0,237.1368595,135.8280296,322.0983237,1.039150642,0.009953076,290.9049767,136.4702425,1.041255121,0.010749322,299.3005508,81148.91754,1.025269811,0.003583107,40.82482905,20.64255769,8.427288889,1.010500797,0.001592492,30190.55704,1
2459,0,0,0,0,0,236.9440531,249.0868628,590.1965086,1.046860148,0.005971845,221.1361665,81.23228722,1.033931582,0.021498643,331.1666641,73162.09522,1.019223674,0.004379353,0,41.28511539,0,1.062712868,0.000398123,26954.73792,1
2460,0,0,0,0,0,0,0,0,0,0,24.74358297,24.08298398,1.014001062,0.001194369,0,0,1.008531208,0.000398123,66.66666667,46.44575481,30.96383654,1.03181849,0.001592492,88700.80293,0
2461,0,0,0,0,0,0,51.60639423,0,1.016963949,0.000398123,144.9341947,46.17414221,1.021058873,0.007564337,0,0,1.031157235,0.000398123,123.9922339,44.2340522,54.84678948,1.015771876,0.002786861,47225.60658,0
2462,0,0,0,0,0,0,134.176625,0,1.072190352,0.000398123,220.2405271,64.42980128,1.032804552,0.078828358,173.1825632,137491.8483,1.051027175,0.001194369,50.06882316,16.21915247,8.120738769,1.006000455,0.002786861,16469.65168,0
2463,0,0,0,0,0,139.5996535,90.67980701,126.5886964,1.032984409,0.022294889,191.0551951,86.56313427,1.041240417,0.054542854,173.0561975,135057.6076,1.066986543,0.001194369,41.65977905,37.8446891,15.76601386,1.041587755,0.001194369,16581.92474,0
2464,0,0,0,0,0,902.5686757,522.9447949,4719.93591,1.037569787,0.047774763,220.6683497,88.16092348,1.036666381,0.047774763,784.3895017,21791.89329,1.030978714,0.025479873,0,41.28511539,0,1.034513382,0.000398123,10402.15861,0
2465,0,0,0,0,0,584.1996749,5984.277475,34960.12955,1.034709628,0.013934306,140.0198482,43.07259943,1.029546595,0.071264021,529.935256,5462.979718,1.031843861,0.01313806,0,0,0,0,0,13304.47097,0
2466,0,0,0,0,0,173.1252554,78379.79156,135695.2143,1.068943382,0.001194369,142.6322267,49.96922586,1.03446537,0.115455676,82.71602483,93.19942135,1.015932508,0.004777476,68.11673213,39.22085962,26.71596789,1.027899075,0.001990615,13348.1499,0
2467,0,30.96383654,0,1.058052667,0.000398123,423.1973083,12072.45582,51090.30809,1.026578442,0.007166214,264.1118606,145.4883296,1.048249681,0.078828358,111.3922798,88.43929086,1.019919528,0.010351199,141.5512794,165.1404615,233.7584362,1.036808468,0.007166214,13415.0403,0
2468,0,0,0,0,0,373.4821679,16079.07797,60052.48899,1.035191884,0.005573722,245.7449587,68.00517738,1.039623935,0.078430235,341.8538613,470.4492037,1.030460876,0.022693012,272.042106,483.03585,1314.060899,1.035849788,0.00398123,13477.11268,0
2469,0,0,0,0,0,199.9518524,57164.40289,114301.2825,1.05721708,0.001592492,158.8380824,55.08877693,1.031972011,0.097938263,82.44487068,40.34069332,1.031467305,0.010749322,391.1303156,201.2649375,787.2081852,1.023339942,0.015128675,12880.18461,0
2470,0,0,0,0,0,299.552743,24226.33507,72570.65123,1.03317491,0.003583107,394.9885355,86.7651365,1.036775866,0.136158073,62.90906946,75.75190559,1.02584779,0.002388738,130.8425345,119.3678336,156.1838989,1.030370764,0.00915683,11170.51938,0
2471,93.1944156,28.38351683,26.45185263,1.018888448,0.004777476,141.4087944,116196.9573,164312.7164,1.090235057,0.000796246,169.7610799,60.93796141,1.031829517,0.116251922,80.81220356,116.7719402,1.04975338,0.000796246,62.85714286,90.31118991,56.76703366,1.03331764,0.001592492,13153.0973,0
2472,179.403543,173.6071356,311.4573522,1.044047343,0.050959747,397.4653964,12697.10822,50466.61152,1.033575552,0.006369968,242.3243863,79.74072131,1.036205707,0.12779749,0,0,1.040081542,0.000398123,0,30.96383654,0,1.086893803,0.000398123,9342.981677,0
2473,435.7147256,277.384369,1208.604542,1.040287934,0.079624604,644.2197891,4354.859584,28054.86723,1.030615204,0.01711929,161.3595481,58.59310607,1.033411697,0.051755993,113.4313302,234.1512777,1.021909891,0.001592492,0,0,0,0,0,9511.096307,0
2474,255.4700677,263.0234093,671.9460818,1.045733569,0.097142017,487.0928667,7677.741302,37397.73021,1.029767782,0.009554953,165.6825827,40.2529875,1.022897194,0.023887381,0,0,1.051434502,0.000398123,0,113.5340673,0,1.072555498,0.000398123,10093.50644,0
2475,440.8939773,534.9655614,2358.630941,1.046598109,0.066088422,685.4726095,2668.940347,18294.85504,1.030318902,0.023091135,164.9833695,51.60639423,1.028840277,0.049367255,126.8846838,248.8263186,1.034652449,0.002388738,0,0,0,0,0,7579.626663,0
2476,525.0919122,843.7645457,4430.539388,1.047737142,0.057329715,872.3048874,751.1519896,6552.335517,1.038838252,0.058922207,162.9877676,53.64073325,1.035002792,0.137352443,0,0,0,0,0,0,0,0,0,3805.163164,0
2477,355.7287823,391.7081705,1393.418705,1.050137377,0.065690299,526.5298041,6483.237584,34136.17815,1.025773348,0.011147445,77.52964235,29.82605777,1.023812591,0.050561624,93.80526467,120.0555964,1.030175622,0.001990615,96.76198058,294.1564471,284.6316043,1.065138816,0.000796246,10029.22233,0
2478,404.6141411,308.0815245,1246.541414,1.046068719,0.071264021,477.8994349,8284.845655,39593.23057,1.02855457,0.00915683,141.2868882,30.8540357,1.022477967,0.037423564,144.5702993,419.667292,1.029131165,0.003184984,50.91168825,129.0159856,65.68421637,1.060176321,0.000796246,10887.80714,0
2479,378.901606,216.5794837,820.623142,1.039720631,0.073652759,487.7987127,8586.443894,41884.56278,1.022141488,0.009554953,121.2743191,39.92705238,1.031364725,0.015128675,221.6871656,638.7598688,1.030046148,0.004777476,66.66666667,15.48191827,10.32127885,1.005688492,0.001592492,12663.74613,0
2480,862.9002246,1854.845726,16005.46794,1.039940907,0.033044211,292.1031002,680.1366854,1986.700344,1.057435068,0.011545568,148.4701694,39.50333672,1.030067642,0.189108435,606.163174,976.408481,1.03693975,0.132574966,186.0497159,392.2085962,729.7029787,1.048926662,0.005175599,4823.509393,0
2481,199.8915684,57110.21618,114158.5069,1.069639869,0.001592492,0,0,0,0,0,101.8022781,26.95000588,1.023895747,0.150490502,269.8635704,231.569272,1.030532361,0.054542854,101.7177848,79.47384712,80.8390368,1.056009101,0.00398123,9927.055843,0
2482,0,0,0,0,0,253.9812357,8791.149258,22327.86952,1.044714509,0.004777476,0,72.24895193,1.041482341,0.000398123,381.0027474,20345.25662,1.034469591,0.010749322,149.1157103,239.1096266,356.5500181,1.035610458,0.002388738,19190.73567,1
2483,0,0,0,0,0,476.9749418,4553.15844,21717.42482,1.036902806,0.011147445,38.49001795,15.48191827,1.016566237,0.001592492,476.1020296,18389.04129,1.039284727,0.012739937,47.14045208,15.48191827,7.298246263,1.028320168,0.000796246,18940.90392,0
2484,0,0,0,0,0,349.096023,648.6526783,2264.420703,1.0163028,0.005175599,0,0,0,0,199.4898357,121053.1826,1.042243235,0.001592492,0,20.64255769,0,1.009624609,0.000398123,57010.06096,1
2485,0,0,0,0,0,0,0,0,0,0,0,0,0,0,0,0,1,0.000398123,0,0,0,0,0,0,1
2486,0,0,0,0,0,297.8907066,5685.877836,16937.70166,1.036363317,0.003583107,0,10.32127885,1,0.000398123,574.1692275,33189.98591,1.042503584,0.013536183,336.8134337,104.7766186,352.9017268,1.026901288,0.01313806,22728.11505,1
2487,0,0,0,0,0,296.6694137,21535.92172,63890.49269,1.036202927,0.003583107,0,0,0,0,518.704154,4237.950136,1.040820658,0.027470489,108.8825131,46.69149954,50.83887811,1.02598018,0.008360583,19551.16159,1
2488,0,0,0,0,0,557.1509837,1760.96896,9811.255885,1.041918797,0.015526798,41.95235393,25.80319712,1.01654509,0.002388738,437.9637683,32955.20711,1.046953667,0.009554953,90.49935616,48.73937233,44.10881816,1.041402681,0.014332429,16846.61524,1
2489,0,0,0,0,0,63.60180425,38.53277436,24.50753972,1.027064454,0.005971845,42.85714286,24.08298398,1.019851649,0.003583107,0,0,1.051735256,0.000398123,158.4691732,130.0481135,206.0861702,1.039493533,0.005971845,39269.83024,1
2490,0,0,0,0,0,174.8208719,94.36597803,164.9714255,1.032665882,0.002786861,83.29040329,30.10372997,1.02139387,0.004777476,0,0,1.033700194,0.000398123,87.19227646,35.65532692,31.08869123,1.023107668,0.004379353,44850.66022,1
2491,0,0,0,0,0,0,0,0,0,0,0,0,0,0,0,0,1.001474785,0.000398123,47.14045208,15.48191827,7.298246263,1.004812305,0.000796246,144991.2412,1
2492,0,0,0,0,0,381.3141755,3139.490172,11971.32106,1.040785265,0.006768091,0,0,0,0,371.5132611,52395.59376,1.034969393,0.005573722,73.69730332,90.31118991,66.55691156,1.0567404,0.001592492,33925.32013,1
2493,0,30.96383654,0,1.022753969,0.000398123,434.1246995,2213.668568,9610.082018,1.030953623,0.016721167,82.82145603,119.7268346,1.046082474,0.001990615,448.3154543,30666.19091,1.03546263,0.00915683,76.03453163,82.57023077,62.78188823,1.033564212,0.001194369,18470.70302,1
2494,0,10.32127885,0,1,0.000796246,171.4007263,274.7048062,470.8460331,1.042715803,0.005175599,101.9359445,49.97671863,1.040383762,0.007564337,223.3260171,110110.3323,1.010989851,0.001990615,89.99540851,56.76703366,51.08772384,1.072429165,0.000796246,38443.75095,1
2495,0,0,0,0,0,60.60915267,36.12447596,21.89473879,1.038873768,0.000796246,148.7948846,92.89150962,1.053532437,0.001592492,0,0,1.010702484,0.000398123,0,0,0,0,0,94740.95366,0
2496,0,0,0,0,0,0,0,0,0,0,0,0,0,0,0,0,1,0.000398123,0,0,0,0,0,0,1
2497,0,0,0,0,0,0,0,0,0,0,0,0,0,0,0,0,1,0.000398123,0,0,0,0,0,0,1
2498,0,0,0,0,0,0,0,0,0,0,0,0,0,0,0,0,1,0.000398123,0,0,0,0,0,0,1
2499,0,0,0,0,0,80.68353626,30.10372997,24.28875389,1.024511138,0.004777476,0,0,0,0,0,0,1.012517057,0.000398123,0,0,0,0,0,69555.88435,1
2500,0,0,0,0,0,0,0,0,0,0,0,0,0,0,0,0,1,0.000398123,0,0,0,0,0,0,1
2501,0,0,0,0,0,0,0,0,0,0,0,0,0,0,0,0,1,0.000398123,0,0,0,0,0,0,0
2502,0,0,0,0,0,0,0,0,0,0,0,0,0,0,0,0,1.011205969,0.000398123,102.6191853,29.08724039,29.84908911,1.019526766,0.004379353,72408.27273,0
2503,0,0,0,0,0,0,0,0,0,0,0,0,0,0,0,0,1.008251034,0.000398123,70.91242083,25.80319712,18.29767173,1.025747151,0.003184984,83648.80616,0
2504,0,0,0,0,0,0,0,0,0,0,0,0,0,0,0,0,1,0.000398123,0,0,0,0,0,0,0
2505,0,0,0,0,0,0,0,0,0,0,0,0,0,0,0,0,1,0.000398123,0,0,0,0,0,0,0
2506,0,0,0,0,0,0,0,0,0,0,0,0,0,0,0,0,1,0.000398123,0,0,0,0,0,0,0
2507,0,0,0,0,0,0,0,0,0,0,0,0,0,0,0,0,1,0.000398123,0,0,0,0,0,0,0
2508,0,0,0,0,0,0,0,0,0,0,0,0,0,0,0,0,1,0.000398123,0,0,0,0,0,0,0
2509,0,0,0,0,0,0,0,0,0,0,0,0,0,0,0,0,1,0.000398123,0,0,0,0,0,0,0
2510,0,0,0,0,0,0,0,0,0,0,0,0,0,0,0,0,1,0.000398123,0,0,0,0,0,0,0
2511,0,0,0,0,0,0,0,0,0,0,0,0,0,0,0,0,1,0.000398123,0,0,0,0,0,0,1
2512,0,0,0,0,0,0,0,0,0,0,0,0,0,0,0,0,1,0.000398123,0,0,0,0,0,0,1
2513,0,0,0,0,0,0,0,0,0,0,0,0,0,0,0,0,1,0.000398123,0,0,0,0,0,0,1
2514,0,0,0,0,0,0,0,0,0,0,229.4105669,111.0849503,1.034481905,0.046978517,299.5610649,79240.76425,1.037489698,0.003583107,0,0,0,0,0,21089.86446,0
2515,0,0,0,0,0,172.9773636,111.9858755,193.710215,1.038692075,0.00796246,613.9209579,304.1617685,1.04137185,0.058524084,622.3385962,31764.97361,1.033015948,0.015924921,0,30.96383654,0,1.054823886,0.000796246,13973.77202,0
2516,0,0,0,0,0,680.005465,544.423344,3702.108492,1.040492591,0.042599163,744.4891155,339.3565304,1.039209035,0.069273406,866.9263351,14137.50574,1.034456953,0.032646088,111.8199611,38.70479567,43.27968747,1.017550857,0.001592492,7175.471175,0
2517,0,0,0,0,0,851.7833331,894.5701511,7619.799449,1.033677341,0.069273406,1155.664681,360.8593177,1.037302973,0.095947648,174.5987942,112.5270049,1.029480938,0.052154116,104.4465936,28.38351683,29.64561646,1.012776738,0.001592492,5099.503433,0
2518,0,0,0,0,0,767.2731084,3054.765594,23438.39493,1.030181566,0.024683627,746.910722,144.4979039,1.039582333,0.160841701,123.0262776,69.08510406,1.019072786,0.023489258,0,92.89150962,0,1.059012053,0.000398123,8100.300445,0
2519,0,0,0,0,0,507.7503006,7924.360321,40235.96335,1.033972052,0.010351199,303.9664231,98.06412268,1.040951068,0.171591022,79.40315869,89.03207817,1.019860808,0.008758706,133.9153962,103.2127885,138.2178146,1.046896675,0.001592492,9336.746791,0
2520,0,0,0,0,0,435.1071375,10536.93925,45846.97475,1.021421225,0.007564337,341.1089733,119.9014234,1.04493699,0.160045455,97.36515716,105.0154919,1.021228646,0.00796246,89.23543558,61.92767308,55.26142882,1.018103005,0.00398123,9413.701702,0
2521,0,0,0,0,0,527.4585849,7293.826591,38471.91452,1.02607199,0.011147445,314.8267082,133.3826805,1.043442295,0.129389982,93.16412425,104.2547465,1.017442161,0.007564337,96.70892968,113.5340673,109.7975813,1.027821832,0.005175599,10377.22966,0
2522,0,0,0,0,0,331.2674975,20799.25347,68901.16647,1.030347329,0.004379353,199.8527778,74.44108195,1.034996902,0.089975803,99.05978612,177.4635379,1.036717329,0.005573722,163.1629101,235.0075799,383.4452063,1.036249466,0.005175599,14061.65123,0
2523,0,10.32127885,0,1,0.000398123,282.6020772,29462.09047,83260.47965,1.041659812,0.003184984,257.8352414,81.08761613,1.035440577,0.072060267,50.99449261,48.68537495,1.013974852,0.001592492,63.63961031,206.4255769,131.3684327,1.016477594,0.000796246,16818.42449,0
2524,411.4756191,142.5281941,586.4687693,1.041891103,0.052154116,315.5900383,21604.50088,68181.65261,1.044934458,0.00398123,202.273211,82.05157354,1.039019071,0.079226481,0,0,1.016963949,0.000398123,35.35533906,41.28511539,14.59649253,1.019858959,0.000796246,11644.89454,0
2525,270.0190607,131.4918993,355.0531914,1.039446147,0.068875283,244.8250156,36711.06864,89877.87954,1.041236187,0.002388738,114.3331159,40.8638387,1.028198543,0.078032112,28.28427125,21.89473879,1.012748154,0.000796246,0,0,0,0,0,11337.95072,0
2526,275.2470741,192.7556165,530.5541946,1.047504585,0.08957768,370.3582729,14499.18508,53698.93143,1.054158928,0.005573722,105.0556855,37.88249599,1.030247171,0.036229195,82.82428141,290.6498513,1.061077848,0.001194369,114.0494808,159.9798221,182.4561566,1.054160706,0.000796246,10986.33144,0
2527,698.4879965,289.0408788,2018.915843,1.043749645,0.091170172,770.9706878,2603.73515,20074.0348,1.038519952,0.026674242,163.0653851,47.78893493,1.030125603,0.087188942,0,0,1.018629051,0.000398123,0,0,0,0,0,7357.455873,0
2528,252.4287221,177.4192243,447.8570806,1.041279842,0.046182271,244.6624674,37060.27191,90672.57569,1.056641287,0.002388738,108.988043,42.77137954,1.031311731,0.049765378,68.57185112,90.99632525,1.032157728,0.008360583,35.35533906,20.64255769,7.298246263,1.019728705,0.001990615,13441.73353,0
2529,258.8753425,93.10653626,241.0298646,1.034457863,0.057329715,315.9584639,22892.59648,72331.09619,1.029843273,0.00398123,235.6210589,76.63549544,1.03518068,0.031849842,93.77990431,126.4356659,1.022844567,0.006369968,103.733094,55.73490577,57.8155422,1.037650649,0.00398123,14182.66572,0
2530,374.616009,134.049724,502.1717263,1.039756526,0.097142017,331.3657727,19613.2447,64991.57986,1.029390602,0.004379353,109.0857129,30.73946091,1.024984601,0.018313659,88.98483888,145.801927,1.032255038,0.003184984,0,0,0,0,0,12264.995,0
2531,224.6180737,131.9348993,296.3496292,1.044242817,0.087985188,299.4435993,23643.75622,70799.71463,1.034003493,0.003583107,142.0824888,55.20684034,1.02321846,0.01711929,185.9710331,418.971544,1.034668788,0.011545568,74.02973969,79.98991106,59.21632294,1.035681006,0.001592492,12140.68398,0
2532,275.3390165,144.1499956,396.9011801,1.044373898,0.035432949,576.9537988,5128.528778,29589.24161,1.043254085,0.014332429,152.6076402,41.3973032,1.02969138,0.109881954,353.0933627,767.6084214,1.042326333,0.076041497,137.5244331,33.65634407,46.28569637,1.020708922,0.00915683,7176.909012,0
2533,522.1036705,301.9467117,1576.474865,1.040921071,0.062505314,697.3882741,1982.311071,13824.40496,1.038293673,0.026276119,159.5164201,56.18365703,1.035258731,0.137352443,454.5488644,1220.754105,1.039098824,0.078032112,106.0618016,36.74375269,38.97108607,1.025099758,0.009953076,4110.232631,0
2534,535.0037252,6496.355269,34755.74269,1.027150836,0.011545568,243.0764971,1149.415144,2793.958069,1.042024105,0.004379353,170.7737395,35.79240004,1.027461861,0.228920738,540.8303182,498.6264838,1.034011981,0.118242538,259.2019018,128.1052845,332.0513337,1.042058316,0.006768091,6154.66318,0
2535,526.6264366,7132.003683,37559.01686,1.030447533,0.011147445,0,0,0,0,0,169.4735442,39.79566254,1.031459537,0.195876527,453.9936392,482.6708344,1.030398239,0.109881954,167.9182541,511.9354308,859.6330375,1.051739046,0.001990615,7027.47173,0
2536,0,0,0,0,0,306.7851242,3205.101124,9832.773465,1.058302703,0.005971845,0,0,0,0,317.2777728,29286.34808,1.043757242,0.008758706,47.14045208,15.48191827,7.298246263,1.004812305,0.000796246,22812.67647,1
2537,0,0,0,0,0,297.5362962,4600.908532,13689.37284,1.039045838,0.005175599,0,20.64255769,1.009624609,0.000398123,415.3155418,43673.18247,1.054174624,0.007166214,160.2217214,688.0852564,1102.462042,1.039664411,0.001194369,32148.80727,0
2538,0,0,0,0,0,294.5441394,5940.928104,17498.65556,1.041206352,0.00398123,34.64101615,17.20213141,1.022088315,0.001194369,354.4771315,51505.452,1.064870961,0.005175599,173.3605455,166.3547296,288.3934668,1.039807852,0.006768091,29366.99306,0
2539,0,0,0,0,0,357.1173893,1764.293603,6300.599254,1.042513829,0.006369968,100,20.64255769,1.017030732,0.001592492,172.9763553,128419.3046,1.043118162,0.001194369,60.60915267,72.24895193,43.78947758,1.048327587,0.000796246,44553.26837,0
2540,0,0,0,0,0,103.0489817,237.3894135,244.6273732,1.053603455,0.003583107,73.45297402,35.94652288,1.028486668,0.011545568,0,0,1.039644284,0.000398123,0,0,0,0,0,39698.59394,0
2541,0,0,0,0,0,226.5304036,2132.204188,4830.090754,1.05286332,0.004777476,97.1945912,33.5151639,1.029424879,0.035432949,469.6526227,45424.50006,1.028727355,0.00915683,52.91502622,51.60639423,27.30753704,1.041550913,0.001194369,19387.57765,0
2542,0,0,0,0,0,225.281168,302.0694276,680.5055346,1.044888977,0.005971845,95.26035816,37.08014993,1.03194523,0.010749322,223.5128458,109810.2682,1.02839963,0.001990615,0,0,0,0,0,35803.5644,0
2543,47.14045208,15.48191827,7.298246263,1.028320168,0.000796246,644.3600178,454.6867375,2929.819542,1.036719501,0.029859227,99.16451844,23.2228774,1.020256675,0.009554953,199.9107446,107876.288,1.044431452,0.001592492,150.7525348,106.6532147,160.7824247,1.058090264,0.002388738,20591.72742,0
2544,99.23005271,95.47182933,94.73674657,1.043933021,0.001592492,306.2506746,1160.329032,3553.515489,1.047172508,0.015128675,217.9993762,192.2338185,1.039948137,0.003184984,262.2446657,76700.15367,1.048491757,0.002786861,100,61.92767308,61.92767308,1.022637214,0.002786861,25454.48538,0
2545,249.5769358,83.50852885,208.4180275,1.030493163,0.017517413,497.2356038,6144.463723,30552.46129,1.027514605,0.009953076,422.7975886,236.1892648,1.04670708,0.01711929,341.3581378,2426.792042,1.039584122,0.023091135,447.9533183,1931.95574,8654.259848,1.034913397,0.008758706,11460.04405,0
2546,0,41.28511539,0,1.034513382,0.000398123,294.4438903,1623.307801,4779.73064,1.037818802,0.007166214,108.3349848,69.07317382,1.038840424,0.005175599,276.5615036,55365.98265,1.048746436,0.003184984,172.9407651,20288.19379,35086.55757,1.046296583,0.001194369,25508.93425,1
2547,0,0,0,0,0,0,0,0,0,0,0,0,0,0,0,0,1,0.000398123,0,0,0,0,0,0,1
2548,0,0,0,0,0,94.10020353,32.55172559,30.63124004,1.029726008,0.005175599,127.8252155,96.3319359,1.056790536,0.001194369,0,0,1.01737461,0.000398123,0,0,0,0,0,60736.27388,1
2549,0,0,0,0,0,0,10.32127885,0,1,0.000398123,0,0,0,0,0,0,1.000592338,0.000398123,0,0,0,0,0,177595.5246,1
2550,0,0,0,0,0,102.6694823,33.25745406,34.14525591,1.015657161,0.003583107,0,0,0,0,0,0,1.00826828,0.000398123,0,0,0,0,0,79324.49806,1
2551,0,0,0,0,0,0,0,0,0,0,0,0,0,0,0,0,1,0.000398123,0,0,0,0,0,0,1
2552,0,0,0,0,0,0,0,0,0,0,0,0,0,0,0,0,1,0.000398123,0,0,0,0,0,0,1
2553,0,0,0,0,0,0,0,0,0,0,0,0,0,0,0,0,1,0.000398123,0,0,0,0,0,0,0
2554,0,0,0,0,0,0,0,0,0,0,0,0,0,0,0,0,1,0.000398123,0,0,0,0,0,0,0
2555,0,0,0,0,0,0,0,0,0,0,0,0,0,0,0,0,1,0.000398123,0,0,0,0,0,0,0
2556,0,0,0,0,0,0,20.64255769,0,1.009624609,0.000398123,0,0,0,0,0,0,1.000594238,0.000398123,0,0,0,0,0,177580.9281,0
2557,0,0,0,0,0,98.97433186,24.08298398,23.83597248,1.022707642,0.001194369,0,0,0,0,0,0,1.002928501,0.000398123,0,0,0,0,0,125541.1565,0
2558,0,0,0,0,0,25.71297386,113.5340673,29.19298505,1.041145981,0.000796246,143.3773269,147.9383301,1.049428532,0.001194369,0,0,1.010219045,0.000398123,0,20.64255769,0,1.009624609,0.000398123,94631.75959,0
2559,0,0,0,0,0,0,10.32127885,0,1,0.000796246,0,0,0,0,0,0,1.002057846,0.000398123,0,20.64255769,0,1.009624609,0.000398123,125561.7977,0
2560,0,0,0,0,0,0,0,0,0,0,0,0,0,0,0,0,1.00118283,0.000398123,0,30.96383654,0,1.022753969,0.000398123,177566.3316,0
2561,0,0,0,0,0,0,0,0,0,0,462.4618252,397.7292802,1.041093603,0.01711929,442.3399071,51770.64063,1.032691623,0.00796246,0,0,0,0,0,29185.39933,0
2562,0,0,0,0,0,130.4899163,504.0224503,657.6984737,1.05535504,0.002388738,429.6138246,176.321847,1.04371862,0.033442334,421.9398391,54681.34577,1.024841291,0.007166214,60.60915267,36.12447596,21.89473879,1.027154835,0.000796246,22120.25104,0
2563,0,0,0,0,0,517.9560164,1003.099288,5195.613112,1.054219108,0.019109905,386.5359902,279.6214352,1.041745535,0.043395409,897.838157,17382.08912,1.035007374,0.035432949,15.59023911,35.38724176,5.516955605,1.031934403,0.002786861,10564.2401,0
2564,0,0,0,0,0,475.5845012,339.7861008,1615.970033,1.043013635,0.08559645,912.9441572,1158.618451,1.036856303,0.037423564,938.0289393,5228.876233,1.030381456,0.049367255,33.33333333,30.96383654,10.32127885,1.031697149,0.001194369,5747.937934,0
2565,0,0,0,0,0,713.3168277,361.0822198,2575.660236,1.041049273,0.101123248,929.3832721,1251.406375,1.033825439,0.04220104,714.7125606,2791.231127,1.025923135,0.027072365,95.90471462,32.2539964,30.9331032,1.004390115,0.003184984,6152.853459,0
2566,0,0,0,0,0,738.5494288,272.9615274,2015.955802,1.038487457,0.130186228,978.3473759,1387.142683,1.039028077,0.044191655,449.8111975,1076.245303,1.031031613,0.01313806,34.64101615,17.20213141,5.95899312,1.022088315,0.001194369,6777.626801,0
2567,0,0,0,0,0,1139.235458,942.5234065,10737.56085,1.03131624,0.062505314,722.9974573,452.8000323,1.042739774,0.089179557,160.7363343,121.660332,1.020518615,0.007166214,72.64831573,41.28511539,29.99294097,1.023546667,0.00398123,7072.374109,0
2568,0,0,0,0,0,1059.743042,1138.310825,12063.16976,1.029539847,0.0553391,659.7375866,381.9312377,1.045028109,0.09355891,221.3998657,344.5272547,1.031781049,0.005175599,160.8048904,294.1564471,473.0179525,1.028399981,0.001592492,7446.08812,0
2569,0,0,0,0,0,571.0075559,5962.884279,34048.51978,1.029421148,0.01313806,509.787172,131.9888228,1.042976164,0.159647332,83.26537263,81.64348727,1.03202091,0.003184984,52.35949101,172.8814207,90.51983192,1.041406916,0.001592492,9279.41953,0
2570,40.82482905,20.64255769,8.427288889,1.010500797,0.001592492,445.3977659,10300.12022,45876.50536,1.034319279,0.00796246,529.1675669,116.2734952,1.040078958,0.148499887,171.1306936,317.9317694,1.033957172,0.003184984,68.15337503,29.67367668,20.22361215,1.030517117,0.003184984,10109.15853,0
2571,424.3011866,171.8390399,729.1150852,1.037420441,0.060116576,507.1968537,7314.610924,37099.47647,1.031618145,0.010351199,317.3766955,99.48891797,1.038323565,0.140139304,0,0,0,0,47.14045208,15.48191827,7.298246263,1.004812305,0.000796246,8219.194706,0
2572,170.4349364,97.15319895,165.5829929,1.038089716,0.061709068,199.9510997,56284.51387,112541.5044,1.052466333,0.001592492,192.2347599,56.90072898,1.030557615,0.076837743,0,0,0,0,0,0,0,0,0,11994.52975,0
2573,268.9219614,176.2048725,473.8535992,1.039455908,0.049765378,299.8302716,25084.14802,75209.86914,1.023331075,0.003583107,128.0385371,34.84949446,1.02243581,0.033840457,0,0,0,0,87.54655386,216.7468558,189.7544028,1.081972459,0.000796246,15175.00508,0
2574,110.1863692,51.79405385,57.06998741,1.02748785,0.021896766,244.768155,39146.89045,95819.12149,1.03983125,0.002388738,157.283048,47.76121192,1.027758548,0.060912822,131.7637089,1319.170882,1.044961189,0.002388738,31.84917966,16.77207813,5.341769295,1.011892347,0.003184984,15543.16548,0
2575,105.4091276,40.61922643,42.81637223,1.026457884,0.024683627,498.2180817,8446.521757,42082.09867,1.024713461,0.009953076,417.6699111,133.3729189,1.038447404,0.097142017,102.9245336,213.5807862,1.036742065,0.007564337,103.7002818,24.67037383,25.58324717,1.024111028,0.016323044,10646.48249,0
2576,98.30335446,35.15685607,34.56036884,1.025484906,0.03821981,282.3346451,28721.53871,81090.85439,1.043120119,0.003184984,273.8983234,77.93038982,1.032255293,0.086790819,85.24739057,116.5817268,1.037099259,0.001592492,0,495.4213846,0,1.059976945,0.000398123,12684.02778,0
2577,290.3142094,68.83130992,199.8270733,1.027807906,0.060116576,244.8086242,39628.55013,97014.10837,1.040032154,0.002388738,128.5785892,34.23224151,1.024457253,0.023887381,65.01294032,73.81183542,1.022389715,0.003184984,84.85281374,25.80319712,21.89473879,1.031356434,0.000796246,15770.80282,0
2578,160.0393032,55.8454909,89.3747345,1.031321209,0.044589778,199.9201915,60351.09774,120654.0302,1.052518491,0.001592492,87.31158645,34.57628414,1.037290563,0.00796246,181.1759272,415.1327329,1.048975518,0.00398123,0,536.7065,0,1.065732013,0.000398123,19899.68984,0
2579,235.922839,110.5995861,260.9296834,1.039909789,0.040608548,199.8127008,55105.30776,110107.4037,1.069777153,0.001592492,90.22235982,48.16596795,1.034888863,0.017915536,328.928711,1411.957216,1.033123911,0.015526798,129.2682155,70.95879207,91.72716427,1.020158834,0.003184984,15656.53165,0
2580,74.83314774,25.80319712,19.30934462,1.027739624,0.002388738,199.664114,57355.34655,114518.0445,1.077620133,0.001592492,85.15764327,27.11119328,1.023116565,0.086392696,254.4797648,439.4901124,1.041492717,0.03423858,90.63716435,108.3734279,98.22660195,1.051530488,0.003184984,12787.27044,0
2581,121.3280549,48.16596795,58.43883202,1.029834368,0.009554953,647.2334619,4259.567777,27569.34798,1.035422192,0.01711929,109.8469507,39.54256181,1.032545327,0.122621891,515.0529515,1376.949565,1.033884654,0.081217096,88.92785427,28.89958077,25.69977707,1.018101948,0.001990615,7523.060062,0
2582,367.8611705,335.2219608,1233.151429,1.044772751,0.037423564,350.3603611,11516.9593,40350.8602,1.05232318,0.005175599,150.0822736,55.28409129,1.037348347,0.069273406,692.5450726,2401.628356,1.038592467,0.06847716,134.2769639,97.31491484,130.6715131,1.035255433,0.002786861,6968.077164,0
2583,468.0858853,1876.101645,8781.766996,1.042381973,0.029461104,242.3079764,2840.228279,6882.099668,1.058261689,0.004379353,183.5914031,55.78812784,1.038368835,0.216180801,818.7850709,1547.830939,1.032546462,0.08957768,378.0143789,376.2575289,1422.307561,1.033058949,0.008758706,2825.61704,0
2584,468.3274588,8855.65725,41473.47456,1.051775077,0.00915683,0,0,0,0,0,112.6040719,30.34878827,1.026617937,0.213792063,363.669533,368.6069166,1.035439218,0.121825645,86.92269874,30.96383654,26.91460235,1.026433123,0.002388738,6744.318855,0
2585,907.2478357,1664.141513,15097.88786,1.026948929,0.037423564,0,0,0,0,0,186.8574378,39.9040992,1.028291076,0.226133876,627.7112571,1631.475335,1.038821816,0.109483831,130.9101847,60.89554519,79.71847069,1.031482783,0.00398123,4838.265173,0
2586,71.6530863,22.8154585,16.34798017,1.016454545,0.007564337,177.5156117,90.39777782,160.4701683,1.038847259,0.05932033,137.7227808,39.04135912,1.026746957,0.036627318,173.1821306,134899.6863,1.054123436,0.001194369,0,0,0,0,0,14404.74869,1
2587,76.46767192,34.13961465,26.10576852,1.023197208,0.005175599,180.865093,123.3775092,223.1468467,1.048114103,0.042997286,115.895608,36.7582387,1.031841822,0.022693012,264.4668211,88904.23822,1.024662698,0.002786861,0,0,0,0,0,17289.15899,1
2588,66.62730046,28.38351683,18.91117104,1.024076831,0.003184984,232.1588354,110.75953,257.138035,1.039158876,0.037025441,83.09736339,31.28141435,1.032392036,0.025877996,173.1826051,137748.085,1.04228028,0.001194369,0,0,0,0,0,18348.89253,1
2589,173.8221628,53.30304281,92.65250184,1.029328892,0.029062981,373.4446961,297.0854587,1109.449888,1.047740448,0.044191655,170.3493448,40.70363489,1.02782586,0.056533469,558.2587099,30615.63356,1.03915198,0.015128675,0,134.176625,0,1.072190352,0.000398123,9916.922008,1
2590,181.256698,47.03367576,85.25168764,1.031632016,0.031451719,417.8721479,141.2077145,590.0677096,1.037417236,0.091170172,366.7288909,60.27185294,1.031155335,0.074449005,586.8296052,34179.56819,1.037627867,0.013934306,0,0,0,0,0,8791.109094,1
2591,100.8478643,51.85813274,52.29781933,1.035207987,0.016323044,463.8007296,130.0200919,603.0341348,1.041169195,0.087985188,955.3230551,509.0223222,1.031264116,0.042599163,695.9320321,23084.43153,1.031404839,0.019906151,0,0,0,0,0,8347.918889,1
2592,147.3203652,60.89554519,89.7115396,1.03335758,0.023887381,301.4887063,113.2784319,341.5216789,1.042848129,0.128593736,893.3925702,593.0043846,1.037950273,0.043793532,682.2662395,11834.51656,1.037243398,0.033442334,0,0,0,0,0,5087.505499,1
2593,134.9225023,36.12447596,48.74004692,1.021069926,0.002388738,208.2201418,61.43026205,127.9101788,1.027972067,0.033044211,240.1204993,48.1104772,1.027372319,0.024683627,244.686594,99019.80546,1.049317603,0.002388738,101.0152545,36.12447596,36.49123131,1.026760273,0.000796246,19234.79336,1
2594,0,0,0,0,0,600.217628,575.9722348,3457.086885,1.033025112,0.018313659,141.8582327,87.42730317,1.040495827,0.006768091,297.2407812,73714.93929,1.056991986,0.003583107,0,0,0,0,0,26185.57111,1
2595,61.71241266,31.6519218,19.53316459,1.031070447,0.011943691,561.7654231,298.8010226,1678.560829,1.049397675,0.047774763,182.2057218,66.17761143,1.038228791,0.033840457,443.3321698,46272.32189,1.044287581,0.00796246,0,0,0,0,0,13005.21332,1
2596,40.82482905,20.64255769,8.427288889,1.010500797,0.001592492,230.0479785,58.05719351,133.5594001,1.03028972,0.095549525,193.7393004,75.63155592,1.036878067,0.094753279,279.5798195,76519.4622,1.04034042,0.003184984,0,206.4255769,0,1.051434502,0.000398123,9779.441566,0
2597,79.13675671,30.96383654,24.50377599,1.027106393,0.004777476,325.3935188,139.0990811,452.6193945,1.042301995,0.051755993,225.9499382,62.45248387,1.037127915,0.046978517,331.1445209,67840.91642,1.034823046,0.004379353,0,0,0,0,0,13667.97312,1
2598,0,0,0,0,0,0,10290.31501,0,1.034731461,0.000398123,115.549854,25.45915449,1.021545306,0.005971845,141.3242512,169946.9625,1.027804297,0.000796246,0,0,0,0,0,56570.89087,1
2599,0,0,0,0,0,220.5601163,4673.819104,10308.58085,1.053810503,0.002388738,0,0,0,0,344.3494806,64030.55985,1.027204664,0.004777476,0,0,0,0,0,52246.88575,1
2600,0,0,0,0,0,312.2810239,1722.567117,5379.25023,1.044704068,0.007564337,0,30.96383654,1.022753969,0.000398123,305.8945307,66813.14781,1.056373095,0.00398123,0,0,0,0,0,38694.58707,1
2601,0,0,0,0,0,290.1915937,1196.236218,3471.376946,1.047729004,0.00796246,0,0,0,0,199.4794094,113331.1932,1.045716211,0.001592492,0,0,0,0,0,46190.41993,1
2602,0,0,0,0,0,140.0280424,2095.219606,2933.894998,1.045440718,0.000796246,0,0,0,0,139.7902533,172632.7171,1.028143493,0.000796246,0,0,0,0,0,121858.3211,1
2603,0,0,0,0,0,0,0,0,0,0,0,0,0,0,0,0,1,0.000398123,0,0,0,0,0,0,1
2604,0,0,0,0,0,0,0,0,0,0,0,0,0,0,0,0,1,0.000398123,0,0,0,0,0,0,1
2605,0,0,0,0,0,0,0,0,0,0,0,0,0,0,0,0,1,0.000398123,0,0,0,0,0,0,1
2606,0,0,0,0,0,116.7414726,40.13830663,46.85805024,1.022461375,0.003583107,119.2390236,37.69510535,1.03466551,0.00915683,0,0,1.03010496,0.000398123,0,82.57023077,0,1.008645268,0.000398123,42845.19143,1
2607,0,0,0,0,0,279.6850095,596.1320449,1667.291967,1.035201272,0.01313806,107.6022287,59.1547922,1.04179378,0.053348485,446.1480973,49842.55998,1.031719043,0.00796246,0,144.4979039,0,1.026022824,0.000398123,16263.80426,1
2608,0,0,0,0,0,382.6045814,294.5534194,1126.974877,1.036460455,0.010351199,152.9284418,66.45896623,1.041866844,0.032646088,264.3342648,89900.31677,1.037308081,0.002786861,0,0,0,0,0,22178.65974,1
2609,0,0,0,0,0,124.5844725,46.71736741,58.20258575,1.028515699,0.03025735,234.7858543,51.90128791,1.028256083,0.027868612,199.9097595,121942.4704,1.039404267,0.001592492,0,0,0,0,0,19911.6034,1
2610,0,0,0,0,0,0,0,0,0,0,95.91981472,63.21783294,1.034630877,0.006369968,0,0,1.028771955,0.000398123,62.44997998,34.40426282,21.48545525,1.01715911,0.001194369,55902.90648,0
2611,0,0,0,0,0,0,0,0,0,0,161.5707287,60.58141932,1.025287482,0.00915683,141.409654,176384.0157,1.018799371,0.000796246,87.75142264,79.98991106,70.19228492,1.035169974,0.001592492,46311.28573,0
2612,0,0,0,0,0,0,485.1001058,0,1.1289661,0.000398123,147.9311471,76.24844748,1.03251431,0.031849842,141.4094063,172727.5943,1.047387624,0.000796246,37.98324515,42.75958379,16.24147754,1.057280762,0.002786861,25741.89047,0
2613,0,0,0,0,0,122.9587655,141.9175841,174.5001094,1.050216835,0.004777476,398.2660695,213.0044073,1.048391908,0.104308232,659.4588019,28290.6653,1.029220653,0.017915536,69.38886665,61.92767308,42.97091049,1.036107708,0.00398123,10484.11658,0
2614,0,0,0,0,0,231.6908588,100.788327,233.5173404,1.033995413,0.05932033,674.3750058,425.1428587,1.048398926,0.087587065,764.4955917,17036.12108,1.027638924,0.02508175,175.858522,101.8053414,179.0333686,1.029478448,0.008758706,6647.633636,0
2615,0,0,0,0,0,925.76077,245.2127232,2270.083195,1.03796245,0.149694256,1007.119265,1130.505479,1.029781684,0.044191655,349.128888,658.2314068,1.03829379,0.059718453,127.4547544,124.1010909,158.1727406,1.032149565,0.016721167,4908.446207,0
2616,0,0,0,0,0,949.3564964,1547.869287,14694.79763,1.028961937,0.03821981,429.6661482,268.0279375,1.053243447,0.138944935,214.4387666,247.0948007,1.037954457,0.026674242,100.4454365,165.1404615,165.8760574,1.025672134,0.003184984,6378.34639,0
2617,0,30.96383654,0,1.022753969,0.000398123,934.2139605,1818.586649,16989.49036,1.026853971,0.036229195,614.6775856,181.9804428,1.045918308,0.181544098,175.5836951,183.5886299,1.033609006,0.00915683,54.39282932,134.176625,72.98246263,1.084836054,0.000796246,6839.079438,0
2618,123.9122655,66.3909288,82.26650396,1.037215774,0.014730552,629.2161818,4443.310543,27958.02895,1.018319544,0.015924921,513.8043552,155.8869012,1.042057862,0.173183515,195.6150185,1534.437836,1.039010989,0.001592492,0,41.28511539,0,1.034513382,0.000398123,7807.149695,0
2619,117.3519592,42.46095728,49.82876526,1.023843744,0.031451719,497.9123943,7930.457815,39486.73238,1.030143076,0.009953076,577.7652185,187.980706,1.039777827,0.104706355,23.57022604,14.59649253,1.0177965,0.000796246,0,0,0,0,0,10313.14908,0
2620,121.067809,40.76905144,49.35819732,1.024839553,0.015924921,0,245016.8385,0,1.111093379,0.000398123,114.2456319,34.83431611,1.025665141,0.044589778,42.79075836,38.48710899,1.022440758,0.002786861,0,0,0,0,0,19367.26684,0
2621,69.42307363,26.54043132,18.42518318,1.022550938,0.005573722,423.4152372,12441.15484,52677.74528,1.030467492,0.007166214,367.7597512,112.28929,1.040114532,0.079226481,162.9809357,237.1862075,1.023334266,0.00796246,32.63569759,805.05975,262.7368655,1.031451156,0.000796246,14050.63413,0
2622,0,72.24895193,0,1.041482341,0.000398123,945.2474187,1793.3771,16951.85075,1.027509926,0.037423564,490.2471664,197.3646523,1.044931317,0.120631276,359.326499,1151.385565,1.035606267,0.017517413,322.2153235,392.2085962,1263.756197,1.040081439,0.008758706,7676.547681,0
2623,0,30.96383654,0,1.022753969,0.000398123,671.0580125,724.9689326,4864.962111,1.035684147,0.071264021,905.5738617,648.4610365,1.043439583,0.069273406,145.5222569,258.5833999,1.031410797,0.014730552,139.3857175,197.136426,274.7800218,1.035104019,0.00398123,5048.05376,0
2624,61.23724357,20.64255769,12.64093333,1.007584656,0.003583107,939.8912208,1594.265165,14984.35832,1.038316841,0.038617933,597.6743223,297.6231362,1.044639643,0.104308232,241.3432726,774.57343,1.039550375,0.016721167,202.8497268,305.7678858,620.249321,1.046191904,0.006369968,7282.319621,0
2625,123.5719921,48.04733256,59.373046,1.028546993,0.011545568,663.3192923,4481.903151,29729.32827,1.045529718,0.018313659,469.6660802,184.5863492,1.036773203,0.082411466,159.4585703,280.8859935,1.040546793,0.011943691,86.60254038,41.28511539,35.75395872,1.023375393,0.001194369,11379.59533,0
2626,421.1710073,84.08066182,354.1233703,1.023237907,0.016323044,371.4408215,16329.7376,60655.3115,1.040727494,0.005573722,195.1666882,74.29052357,1.033951358,0.036229195,325.5090329,712.129945,1.033469188,0.022294889,84.85281374,51.60639423,43.78947758,1.060011899,0.000796246,15895.30477,0
2627,78.56742013,46.44575481,36.49123131,1.025553475,0.000796246,815.9171406,2645.445527,21584.6435,1.040553519,0.028266735,97.25411197,27.85789615,1.02371311,0.085994573,807.5439249,2714.078457,1.041311977,0.066486545,150.8712409,65.57047738,98.92699291,1.029547367,0.006768091,8514.506167,0
2628,50.65172917,18.06223798,9.148835864,1.01397161,0.003184984,315.0513248,20957.3567,66026.42992,1.065463484,0.00398123,112.4099211,30.85993105,1.024644249,0.118640661,314.0953267,368.7405248,1.031015117,0.074449005,153.4464279,859.246464,1318.483006,1.050494494,0.004777476,9205.976407,0
2629,135.3246088,88.37595012,119.5944088,1.048571098,0.006369968,409.4352521,10354.06409,42393.18839,1.050623366,0.006768091,99.42203064,26.33705637,1.024988098,0.034636703,535.1172341,2494.721936,1.038052335,0.058922207,134.7923545,204.7053638,275.9271796,1.055609564,0.004777476,10591.96768,0
2630,679.639926,1010.042568,6864.652558,1.037862958,0.037025441,379.7501994,2832.330937,10755.78238,1.054175149,0.009554953,108.4415643,35.35669722,1.033521446,0.211403325,550.6396705,1383.529703,1.041435068,0.101919494,249.0609332,474.7788269,1182.488577,1.053276376,0.005175599,2906.885651,0
2631,933.6838649,1407.950121,13145.8031,1.035078245,0.038617933,294.089243,3049.46875,8968.159562,1.041905262,0.004379353,96.30635296,32.14479791,1.030246122,0.254002488,711.9771917,1356.809433,1.033836032,0.126204998,77.42672639,28.89958077,22.37599933,1.023536756,0.001990615,4132.785515,0
2632,581.9392962,561.3116916,3266.493307,1.044213561,0.044589778,439.6318846,2556.945051,11241.14572,1.067273361,0.013536183,99.44714863,30.21707735,1.026052448,0.154073609,1003.420073,3548.798509,1.036455696,0.098734509,261.40082,85.71148955,224.0505365,1.029592126,0.00915683,3287.239521,1
2633,522.533735,387.1661393,2023.073688,1.042832568,0.052154116,440.8254473,3788.358088,16700.04649,1.050961435,0.00915683,105.956904,32.09184516,1.027474039,0.145713026,903.6342775,4983.32276,1.042230053,0.072060267,127.4923545,56.9335059,72.58586719,1.035236342,0.012341814,3958.981223,1
2634,524.5086235,482.9460998,2533.09394,1.044295265,0.045784148,322.6731422,89.42799323,288.5601158,1.03883903,0.118640661,382.5509229,506.3305844,1.045635386,0.062903437,828.4031816,7446.429695,1.039482627,0.039414179,0,0,0,0,0,3196.324707,1
2635,300.7163909,129.7773914,390.2618876,1.037988601,0.048571009,367.9769846,77.06782715,283.5918664,1.035088812,0.120233153,445.911263,426.9056612,1.03770919,0.056135346,549.5378256,12434.23192,1.039606569,0.026674242,0,278.6745289,0,1.066325467,0.000398123,4177.093368,1
2636,140.1264904,55.2687835,77.44620658,1.030193816,0.012341814,136.7372547,44.0093191,60.17713474,1.034949568,0.107095093,694.1241347,1510.847564,1.037733312,0.021896766,793.9896093,14102.91526,1.035203233,0.034636703,0,0,0,0,0,7269.157599,1
2637,41.06032651,18.92234455,7.769576457,1.008604633,0.002388738,318.6926261,147.0067686,468.4997312,1.045422424,0.129389982,609.1579828,494.0266172,1.046179572,0.058922207,822.1149373,9818.011007,1.036384017,0.043395409,0,0,0,0,0,4503.303476,1
2638,56.56854249,154.8191827,87.57895516,1.094080006,0.000796246,669.4374061,195.9568512,1311.808462,1.040978704,0.139343058,747.0986975,405.1775074,1.047383146,0.091568295,908.8278293,4249.559619,1.042727925,0.074847128,136.3610242,56.52128892,77.07300847,1.03344983,0.008360583,2776.190476,1
2639,108.2531755,27.52341026,29.7949656,1.010134367,0.001194369,686.7935219,98.71666974,677.9796928,1.037818536,0.145314903,747.9423607,490.6450481,1.032387653,0.074847128,1134.199051,8665.651258,1.036469302,0.063699684,90.59750639,44.46089349,40.28046082,1.032703541,0.005175599,4490.71581,1
2640,0,0,0,0,0,207.5913195,69.27914999,143.8175016,1.036166842,0.084402081,503.4104724,125.9196019,1.039889382,0.063699684,635.7730284,33547.77738,1.030179098,0.016323044,0,0,0,0,0,10575.52161,1
2641,0,0,0,0,0,474.3143816,88.33026458,418.9631482,1.039068965,0.140537427,827.7997004,110.6335619,1.038857098,0.109085708,732.951038,23970.59031,1.033599858,0.023091135,0,0,0,0,0,7006.335716,1
2642,62.350648,23.65293069,14.74775556,1.015044184,0.009554953,310.5419181,86.32602946,268.0785077,1.036142013,0.143324288,298.79826,94.56175806,1.036271539,0.095947648,541.0744461,35478.83823,1.031342381,0.011943691,0,30.96383654,0,1.022753969,0.000398123,7591.397644,1
2643,170.7116956,54.9668106,93.83477441,1.033036847,0.01711929,731.3068925,124.4030059,909.7677563,1.041850416,0.09754014,302.9053118,105.2964269,1.038391441,0.084800204,680.9000053,27217.50595,1.033827975,0.019508028,0,20.64255769,0,1.056640337,0.000796246,8134.181043,1
2644,0,10.32127885,0,1,0.000398123,202.7219745,60.86362371,123.3839397,1.037864241,0.038617933,524.2164816,274.7048062,1.039558365,0.015526798,421.4018496,54911.25071,1.034280571,0.007166214,0,0,0,0,0,18724.25442,1
2645,0,0,0,0,0,148.7947628,163.0762058,242.6488535,1.031023744,0.001990615,77.7960004,43.8654351,1.037882835,0.004777476,0,0,1.022310265,0.000398123,0,144.4979039,0,1.040879486,0.000398123,57264.56395,1
2646,0,0,0,0,0,161.6925127,729.1246271,1178.939931,1.049511899,0.005573722,66.66666667,38.70479567,1.034001948,0.001592492,140.5606571,169246.3308,1.053159639,0.000796246,0,0,0,0,0,53563.29071,1
2647,0,0,0,0,0,358.9173781,787.1695334,2825.288251,1.050549052,0.011943691,89.0365886,35.94652288,1.035896036,0.011545568,290.9463925,73224.99547,1.037822995,0.003583107,0,10.32127885,0,1,0.000398123,26549.55831,1
2648,78.06247498,27.52341026,21.48545525,1.008862853,0.001194369,324.7893939,170.301101,553.1199136,1.044000301,0.019109905,86.08135687,34.40426282,1.031542741,0.008360583,141.4093009,171216.8573,1.041867996,0.000796246,0,20.64255769,0,1.009624609,0.000796246,27765.95035,1
2649,0,0,0,0,0,249.7211055,526.3852212,1314.494993,1.036990529,0.00398123,79.94416744,26.66330369,1.019215285,0.004777476,0,0,1.053310682,0.000398123,0,0,0,0,0,51164.65473,1
2650,0,0,0,0,0,0,0,0,0,0,68.6060502,24.77106923,1.02280063,0.00398123,0,0,1.010136418,0.000398123,0,0,0,0,0,75651.05546,1
2651,0,0,0,0,0,0,0,0,0,0,41.65977905,37.8446891,1.029767142,0.001194369,0,0,1.005494899,0.000398123,0,61.92767308,0,1.003060967,0.000398123,112232.4185,1
2652,0,20.64255769,0,1.009624609,0.000398123,148.4996774,57.79916154,85.83156844,1.025331479,0.00398123,40.82482905,20.64255769,1.010500797,0.001592492,141.3747402,177070.0508,1.021294451,0.000796246,0,0,0,0,0,60733.62425,1
2653,0,20.64255769,0,1.009624609,0.000398123,115.6090729,80.03517983,92.5279294,1.043601793,0.022693012,319.3996266,52.08645371,1.025839543,0.01711929,282.7061776,86351.2862,1.015142321,0.003184984,0,0,0,0,0,23389.39127,1
2654,169.877874,80.58536946,136.8967124,1.034020462,0.010351199,261.0932,141.5039451,369.4571784,1.041501188,0.052154116,449.5569054,88.81503814,1.037222038,0.04737664,447.7713114,41041.49003,1.024809583,0.009554953,0,0,0,0,0,11651.00015,1
2655,234.5609241,159.4637582,374.0396648,1.037548806,0.00796246,394.0891326,139.7694362,550.8161587,1.040230407,0.080818973,701.6298543,131.7191777,1.036434258,0.075245251,749.4720007,24656.60878,1.039775447,0.023489258,159.0990258,123.8553462,197.0526491,1.040867323,0.001990615,8705.658554,1
2656,0,0,0,0,0,156.9836764,49.54213846,77.77307031,1.023082656,0.015924921,135.4354609,47.29022308,1.031379233,0.021896766,173.1721132,140855.7,1.02879896,0.001194369,170.0884476,860.1065706,1462.941913,1.022127952,0.001194369,24271.60015,1
2657,0,0,0,0,0,0,0,0,0,0,0,0,0,0,0,0,1.012565213,0.000398123,163.2176461,103.2127885,168.4614838,1.030730213,0.002388738,94663.6526,0
2658,0,0,0,0,0,0,0,0,0,0,149.3412382,79.47384712,1.052827623,0.00398123,0,0,1.029451518,0.000398123,115.2671872,59.34735337,68.40802489,1.029207867,0.003184984,57316.98303,0
2659,0,0,0,0,0,0,0,0,0,0,197.5998956,112.3000014,1.042724959,0.036627318,141.3970737,169990.752,1.067956288,0.000796246,78.75315897,40.2529875,31.70049924,1.016933327,0.00398123,23566.1973,0
2660,0,0,0,0,0,0,10.32127885,0,1,0.000398123,669.3593772,162.7927028,1.039086415,0.092762664,522.3767038,39133.35637,1.043094384,0.011147445,286.1226373,139.1308389,398.0848255,1.030244103,0.009953076,12259.69381,0
2661,0,0,0,0,0,96.36025541,52.75320299,50.83312114,1.0264564,0.010749322,683.3980341,299.6148157,1.038831337,0.082809589,794.2114466,20998.29148,1.040561894,0.027072365,343.8041178,546.2905447,1878.169388,1.024623457,0.005573722,9865.424826,0
2662,0,0,0,0,0,827.4515515,533.6451038,4415.65469,1.036666594,0.046978517,495.949419,448.6070127,1.044691011,0.066884668,1041.613351,7460.494791,1.036783892,0.062505314,75.27814142,49.02607452,36.90591771,1.021938525,0.003184984,5120.506612,0
2663,0,0,0,0,0,832.1936505,1152.44982,9590.614228,1.036212955,0.044191655,636.2302529,321.7218138,1.038091041,0.048969132,817.4284249,3719.027268,1.037184387,0.069273406,192.4274812,753.4533558,1449.851315,1.036983969,0.002388738,5627.549163,0
2664,0,10.32127885,0,1,0.000398123,902.5788564,788.3635637,7115.602837,1.038111052,0.054144731,266.6239544,228.5041386,1.046572063,0.045784148,905.900288,9707.429149,1.025372822,0.035831072,209.1493615,3538.478431,7400.705046,1.04514764,0.002388738,6710.568147,0
2665,109.1069077,41.99692772,45.82154918,1.028657766,0.011545568,682.0108805,3865.103901,26360.42915,1.026267277,0.019109905,240.5396597,102.974971,1.044199904,0.086392696,739.7121593,2182.36293,1.036811694,0.056533469,0,196.1042981,0,1.0921868,0.000398123,8821.79576,0
2666,105.5572288,39.47889159,41.67282393,1.02518995,0.015924921,486.47265,9170.886308,44613.85365,1.030317113,0.009554953,291.4443541,77.12464807,1.037872351,0.064894053,571.5341013,895.7684297,1.035251909,0.042997286,0,0,0,0,0,11951.38534,0
2667,92.91617533,29.02859676,26.97226186,1.016135237,0.006369968,604.6154506,3010.554072,18202.27507,1.032141967,0.022693012,300.6896356,141.0965733,1.043822314,0.070069652,484.8734994,4965.800423,1.04172126,0.02110052,0,0,0,0,0,8199.076034,0
2668,0,10.32127885,0,1,0.000398123,977.4726727,360.2439083,3521.285759,1.037142821,0.065690299,408.2900386,180.8085012,1.0436672,0.121427522,784.6749607,15446.50055,1.035656002,0.027470489,145.9338157,83.71703953,122.1714701,1.026982312,0.003583107,5827.136956,0
2669,0,0,0,0,0,471.4223863,376.3099803,1774.009489,1.039977606,0.064097807,832.482749,175.8518918,1.038569229,0.115853799,549.8264145,8413.37193,1.035925206,0.035831072,117.3563031,141.9175841,166.5492302,1.032510509,0.004777476,3695.969241,0
2670,0,0,0,0,0,586.5815118,503.1623438,2951.457283,1.043608212,0.047774763,512.975021,199.7167457,1.039202737,0.111474446,844.7500964,14991.92134,1.028203977,0.03025735,0,0,0,0,0,6212.832584,0
2671,0,10.32127885,0,1,0.000398123,410.7621011,296.6830102,1218.661366,1.046995779,0.07643962,356.2394229,198.1777693,1.037992442,0.089179557,789.3449784,17566.01178,1.038475414,0.026674242,120.8038608,237.3894135,286.7755766,1.030032604,0.001194369,6571.601954,0
2672,0,0,0,0,0,571.3282192,340.5442172,1945.625212,1.042000039,0.070865898,517.3723107,162.3216249,1.038734539,0.094753279,794.7490867,17756.70772,1.034738194,0.027072365,0,0,0,0,0,6779.327136,0
2673,114.3613239,75.68937821,86.55937495,1.041527123,0.001194369,799.667706,1245.396918,9959.036967,1.043067344,0.036627318,473.8869432,121.4438324,1.037177968,0.085198327,671.5863465,5701.131301,1.044965864,0.05135787,79.62136464,125.3298146,99.78930866,1.034633446,0.002786861,5484.161299,0
2674,0,0,0,0,0,1039.070695,625.3974892,6498.322035,1.036188151,0.06847716,192.4058461,64.13937569,1.030543801,0.105900724,726.278879,7046.35922,1.044211643,0.050959747,117.7098696,124.3985714,146.4293961,1.042194595,0.007564337,4827.936793,0
2675,0,82.57023077,0,1.008645268,0.000398123,872.7643459,1572.545406,13724.61563,1.033309104,0.035432949,127.1483766,30.49038338,1.024100731,0.086790819,708.6863972,3482.015447,1.039257745,0.08042085,181.0270655,275.9584028,499.5593988,1.046488105,0.007564337,6025.388266,0
2676,0,0,0,0,0,602.9445181,3838.532752,23144.2228,1.039938033,0.016721167,77.28719136,22.66633786,1.02023978,0.020304274,414.6629099,3120.301918,1.046972002,0.046978517,0,10.32127885,0,1,0.000398123,10550.96072,0
2677,245.2329247,150.8215043,369.863986,1.042323651,0.056533469,594.6139482,2096.433874,12465.68823,1.04697761,0.027072365,99.43584307,31.84492132,1.02157864,0.032646088,479.4218085,3464.648115,1.047003421,0.044987901,178.770626,209.3745137,374.3001289,1.047221214,0.005573722,5355.362578,0
2678,347.7110771,154.7051354,537.9268928,1.03919379,0.072060267,465.6690478,8677.849765,40410.06037,1.029447714,0.008758706,102.9662646,36.67561221,1.031736262,0.041006671,358.6262405,968.4907082,1.039883506,0.038617933,289.4858292,152.7549269,442.2038668,1.026280259,0.005971845,9285.650552,0
2679,263.0907372,110.7445325,291.3586069,1.040164585,0.073652759,399.5403689,13173.82229,52634.73817,1.018828813,0.006369968,97.57233766,30.51330453,1.026461852,0.100327002,255.6167505,188.1572418,1.035224124,0.05135787,143.5047098,73.64371934,105.6822057,1.034594519,0.014730552,8462.298253,1
2680,283.490409,136.3982456,386.6759442,1.044723238,0.088781434,311.280819,14051.38902,43739.27882,1.059316423,0.00398123,141.6620132,40.24093932,1.02894685,0.102317617,780.4347783,4918.822719,1.035912171,0.042997286,88.71049602,49.65371986,44.04806118,1.032696105,0.014730552,5858.973336,1
2681,1029.619973,690.9522783,7114.18266,1.0418102,0.06449593,0,0,0,0,0,98.64058651,34.61027637,1.031530827,0.199459634,1314.085826,6970.458131,1.034708223,0.091170172,101.9870607,39.40851923,40.19159042,1.028446469,0.004379353,4625.616868,1
2682,545.4630974,6642.775066,36233.88663,1.029437203,0.011943691,0,0,0,0,0,115.3273344,32.61601865,1.028955753,0.211403325,400.1882425,294.2663537,1.031426495,0.144120534,347.2165664,194.09039,673.9139879,1.057330093,0.016323044,6395.297115,1
2683,282.6433381,27192.69928,76858.35298,1.043189541,0.003184984,0,0,0,0,0,165.9758839,36.9003763,1.027902373,0.227726369,240.4436585,145.0318674,1.028512569,0.074050882,110.7560587,40.96257542,45.36853407,1.038916233,0.012739937,7695.142868,1
2684,560.107386,460.8280874,2581.132154,1.046475836,0.036229195,443.9227975,172.937924,767.7108703,1.041042884,0.109085708,963.1902807,485.3841777,1.041092608,0.086790819,632.2552296,8053.285483,1.033689432,0.017517413,0,0,0,0,0,3650.451897,1
2685,939.4320128,530.6075625,4984.697305,1.034887911,0.043793532,1041.179291,189.0423705,1968.270012,1.035081335,0.113465061,920.8894765,423.7925954,1.03532807,0.092762664,545.3498939,1888.043456,1.036332552,0.046182271,47.14045208,15.48191827,7.298246263,1.004812305,0.000796246,3228.314219,1
2686,434.3076726,299.7523212,1301.84733,1.042787746,0.066088422,790.8661561,171.0323657,1352.637096,1.03191696,0.098336386,990.5659785,1130.040557,1.032339686,0.044191655,795.1945661,3119.775796,1.02925675,0.03423858,0,0,0,0,0,5030.914896,1
2687,504.0833804,224.8808437,1133.586959,1.042530713,0.060116576,885.4068164,128.5281639,1137.997125,1.031546579,0.080022727,868.8298271,1929.457381,1.037513438,0.033044211,419.7972075,1869.931691,1.036561417,0.027868612,47.14045208,30.96383654,14.59649253,1.004812305,0.000796246,6879.282058,1
2688,788.6976195,245.6012339,1937.051085,1.034238052,0.054542854,138.7746933,50.80064384,70.49843766,1.0349476,0.107095093,798.2130968,1246.001807,1.034843843,0.038617933,545.4764932,9432.620949,1.0418196,0.019109905,0,0,0,0,0,5112.929492,1
2689,56.69177859,24.32872871,13.79238901,1.026039177,0.005573722,156.7316461,47.19315776,73.96661298,1.035453095,0.057727838,286.2106248,70.11738347,1.025971563,0.036627318,244.6934931,96846.41535,1.033355515,0.002388738,0,72.24895193,0,1.018629051,0.000398123,14768.73222,1
2690,85.3489569,28.14894231,24.02482864,1.016529261,0.004379353,151.4830262,65.95122246,99.90490758,1.037132215,0.046978517,275.460824,47.80894258,1.025627151,0.04220104,0,0,1.145696983,0.000398123,0,0,0,0,0,15490.48784,1
2691,264.9188184,102.1388982,270.5851622,1.039584504,0.068875283,352.7383669,306.6825062,1081.786864,1.048758169,0.084800204,427.1919503,104.5289247,1.032761625,0.118640661,988.8582798,12208.00061,1.031125277,0.044191655,0,0,0,0,0,4603.785483,1
2692,349.3528916,198.8270894,694.6081862,1.040983232,0.064894053,582.5114807,195.3794892,1138.107955,1.042634362,0.141731796,483.4001014,209.6220924,1.040358867,0.10669697,666.9781572,4003.418377,1.042599371,0.061709068,0,0,0,0,0,1872.968188,1
2693,418.9854658,141.3221257,592.1191669,1.034968869,0.031053596,885.8252784,341.34474,3023.717993,1.039384956,0.0553391,304.6798763,136.978115,1.03989822,0.055737223,755.8733543,16748.39121,1.032814537,0.031053596,127.8244904,116.9744936,149.5220503,1.026359287,0.002388738,7257.057398,1
2694,105.6736972,94.18166948,99.52525219,1.040891643,0.003184984,383.0331829,134.176625,513.9409974,1.039060059,0.030655473,153.9130717,53.95213943,1.036006644,0.035034826,434.6133696,52754.96649,1.029156693,0.007564337,41.77654944,2358.412216,985.2632455,1.047366671,0.000796246,16509.43489,1
2695,119.4079311,94.03831838,112.2892104,1.051200325,0.003583107,234.1843481,72.76216469,170.397601,1.038255774,0.072060267,375.9342925,81.23845286,1.02730075,0.037025441,331.1541582,69123.06257,1.026859215,0.004379353,0,0,0,0,0,13369.72547,1
2696,366.7069534,485.6035828,1780.742104,1.038680972,0.016323044,901.1888921,170.0330158,1532.318651,1.041420455,0.122621891,438.6597136,292.7114681,1.041689658,0.049765378,728.6942294,14812.18323,1.035195615,0.027868612,0,20.64255769,0,1.009624609,0.000398123,5489.548693,1
2697,471.3919058,309.5043228,1458.978326,1.043398373,0.030655473,1295.622262,406.8085142,5270.701676,1.04288102,0.109483831,847.2290512,413.4245582,1.037043397,0.050163501,550.902494,4013.544612,1.037435094,0.034636703,0,0,0,0,0,4355.932089,1
2698,219.8807108,82.85693296,182.1864132,1.038916054,0.028664858,525.1501567,173.2363345,909.7508823,1.040476176,0.107095093,633.9442546,133.2811716,1.038260886,0.087188942,648.0786446,12197.02063,1.030904723,0.035831072,0,41.28511539,0,1.062712868,0.000398123,4616.761441,1
2699,0,0,0,0,0,208.4594372,104.516529,217.874568,1.042136274,0.037821687,142.1131196,65.89739571,1.044338914,0.010351199,223.1130815,106887.3371,1.062883179,0.001990615,0,0,0,0,0,21294.17674,1
2700,0,0,0,0,0,138.7515923,52.54469231,72.90659726,1.034261478,0.008758706,40.82482905,20.64255769,1.010500797,0.001592492,0,0,1.033872722,0.000398123,0,0,0,0,0,48091.87088,1
2701,0,0,0,0,0,145.3663958,109.6635877,159.414005,1.035125459,0.003184984,38.49001795,15.48191827,1.016566237,0.001592492,199.9120104,125064.6567,1.016953296,0.001592492,0,0,0,0,0,62522.28981,1
2702,129.5956388,63.89363096,82.80335916,1.039566315,0.008360583,370.5853038,349.2032676,1294.09599,1.043582091,0.014332429,198.1756035,87.26172116,1.040403126,0.030655473,473.4433883,45508.57092,1.035345518,0.00915683,113.3529955,4732.306351,5364.211003,1.074888675,0.000796246,17326.09937,1
2703,139.9154714,52.89655409,74.010463,1.031420284,0.009554953,532.8494551,317.2490054,1690.459596,1.038361015,0.039414179,134.1743202,57.95795045,1.036209798,0.062107191,673.3879869,29979.13089,1.036167661,0.018711782,136.2770288,72.24895193,98.45872501,1.040437641,0.001194369,11366.12261,1
2704,43.30127019,13.76170513,5.95899312,1.003208203,0.001194369,489.4693976,251.7159647,1232.072616,1.042591871,0.026674242,101.671259,39.26573474,1.024463795,0.018313659,445.3955308,51769.69513,1.031862659,0.00796246,0,0,0,0,0,19863.35274,1
2705,0,0,0,0,0,0,0,0,0,0,81.64965809,30.96383654,1.018386447,0.001592492,0,0,1.013046797,0.000398123,96.41181512,38.70479567,37.31599605,1.016347115,0.003184984,69534.17944,0
2706,0,0,0,0,0,0,0,0,0,0,164.3751375,88.71384913,1.038920461,0.016721167,0,0,1.07656412,0.000398123,120.3735682,72.24895193,86.96864141,1.048447686,0.002786861,34911.62319,0
2707,0,0,0,0,0,0,0,0,0,0,181.4984137,103.9747621,1.041506303,0.05932033,141.4089541,166429.2078,1.078179002,0.000796246,65.99943549,42.75958379,28.22108392,1.032180496,0.002786861,18718.46595,0
2708,0,0,0,0,0,0,30.96383654,0,1.022753969,0.000398123,584.5994522,418.8295995,1.043945632,0.072856513,737.0868016,22064.89074,1.041824169,0.023091135,63.86001745,58.4872468,37.34996601,1.027931116,0.005971845,10670.58527,0
2709,0,0,0,0,0,176.6372785,59.34735337,104.8295498,1.026316237,0.011147445,398.9384702,381.8873173,1.043488629,0.053746608,698.7133945,27396.92834,1.028450536,0.019906151,181.0651572,95.47182933,172.8662178,1.033233332,0.00796246,12732.12111,0
2710,0,0,0,0,0,153.7013698,95.32004582,146.5082162,1.038223031,0.033840457,391.2261498,141.9598845,1.035958081,0.048571009,356.1990056,61512.31759,1.061172716,0.005175599,148.1175308,157.3995024,233.1362565,1.035945282,0.003184984,14699.37847,0
2711,0,0,0,0,0,782.2668249,612.3667221,4790.341713,1.044220211,0.046978517,178.3444378,116.2316743,1.037498947,0.035034826,895.3650932,17539.15203,1.031747692,0.03423858,0,227.0681346,0,1.081246457,0.000398123,9965.110835,0
2712,0,0,0,0,0,532.3625501,7061.178356,37591.06916,1.044357006,0.011545568,153.1760321,46.74932183,1.028311746,0.013536183,967.1198254,1466.285162,1.028506619,0.116650045,95.89930083,98.05214904,94.03132538,1.016317248,0.001592492,10748.06632,0
2713,266.548497,77.40959135,206.3341023,1.03886371,0.031849842,282.6547561,28844.1039,81529.23151,1.027026676,0.003184984,177.2899316,60.12144928,1.029663741,0.047774763,197.6599855,109.079745,1.028094022,0.049367255,124.7835496,87.7308702,109.4736939,1.048413813,0.000796246,12616.25464,1
2714,97.36082649,33.67996255,32.7910899,1.025363965,0.007564337,651.3509411,3760.1709,24491.90854,1.039748218,0.019109905,541.3938809,172.2965482,1.029090099,0.029859227,590.0696568,1190.293376,1.036329197,0.112668815,0,41.28511539,0,1.034513382,0.000398123,8289.09922,1
2715,70.88828257,39.81064698,28.22108392,1.032404266,0.002786861,892.5801254,1309.357434,11687.06423,1.041926852,0.039812302,295.1052214,84.4958425,1.032560581,0.053348485,714.2837761,5699.455427,1.03417037,0.054144731,90.13878189,41.28511539,37.21390011,1.039389457,0.001194369,6893.215695,1
2716,79.47829892,43.00532853,34.17990356,1.043254908,0.002388738,883.0569185,1149.542753,10151.11681,1.041351576,0.049765378,113.1347986,58.99866152,1.034151623,0.029461104,862.0936107,7064.939387,1.038051607,0.049765378,135.9742426,105.7931082,143.8513775,1.037757989,0.001592492,7559.136608,0
2717,0,0,0,0,0,558.3209725,806.6534769,4503.715537,1.046468362,0.054144731,264.6478895,155.6704222,1.047081861,0.038617933,907.3079044,11663.24385,1.036886093,0.038617933,152.7949182,98.96285012,151.2102059,1.023312153,0.006768091,6775.382128,0
2718,0,0,0,0,0,472.6926575,756.0336755,3573.715673,1.048518629,0.052552239,307.9389983,118.0851824,1.034028099,0.050561624,909.0907637,12504.95237,1.032581175,0.039414179,75,41.28511539,30.96383654,1.041820515,0.001990615,6873.985077,0
2719,0,20.64255769,0,1.056640337,0.000398123,436.0500512,553.9314157,2415.418222,1.044806492,0.060116576,617.2687258,143.6569108,1.031906029,0.053746608,944.7689154,13562.97666,1.038073748,0.039812302,177.1753726,285.1253281,505.1718625,1.057453439,0.006369968,6928.161897,0
2720,0,0,0,0,0,695.54931,545.6898353,3795.541884,1.046405868,0.06449593,129.3517208,57.49274858,1.03568119,0.050959747,777.2542572,14774.99353,1.042393833,0.031849842,213.2810293,304.0085769,648.3926219,1.022654758,0.004379353,7208.035811,0
2721,0,0,0,0,0,848.6830443,1836.580501,15586.7473,1.037174837,0.033840457,132.8693058,62.01514154,1.035591348,0.046978517,591.8500771,4069.707476,1.04209105,0.050561624,102.1676623,60.45320467,61.76362598,1.036908007,0.002786861,8211.352452,0
2722,0,0,0,0,0,761.6737559,263.0568043,2003.634641,1.034938709,0.090772049,226.9293486,97.45357958,1.038225666,0.127001244,780.0817638,16362.92261,1.037968128,0.029461104,208.3268973,168.6995232,351.4464825,1.040143003,0.011545568,5650.841985,0
2723,0,0,0,0,0,1126.44343,680.3833931,7664.134032,1.040109316,0.070069652,158.8428171,43.25107326,1.026659234,0.058524084,1086.303775,6376.585689,1.036709008,0.084402081,113.6953501,62.95980096,71.5823661,1.034581942,0.00398123,5894.065455,0
2724,0,20.64255769,0,1.009624609,0.000398123,419.2671856,10303.50331,43199.20835,1.045507391,0.007166214,79.33943875,23.15556472,1.019159923,0.045784148,514.0572873,959.2820295,1.033369471,0.134167458,0,144.4979039,0,1.077874912,0.000398123,8474.167215,0
2725,110.2112038,47.73591467,52.6103262,1.030247834,0.003184984,536.7557572,5703.338924,30613.00003,1.050450835,0.012341814,94.63443553,20.40252795,1.015513655,0.01711929,421.7826844,3090.429325,1.044618745,0.039414179,102.615664,52.54469231,53.91908489,1.031363801,0.004379353,12487.41764,0
2726,139.153896,48.92554258,68.08179865,1.032307566,0.030655473,410.1293143,12679.3875,52001.88499,1.042240801,0.006768091,150.4144975,30.96383654,1.020190879,0.046580394,395.7040806,755.3613247,1.039129904,0.038617933,314.0348778,810.2203895,2544.37461,1.040009179,0.004777476,12000.69414,0
2727,461.9727282,170.899436,789.5087869,1.045297569,0.054940977,316.0172097,18945.73945,59871.79717,1.025231158,0.00398123,147.9735763,40.18389107,1.029214024,0.190302804,380.8818725,515.6408277,1.030755476,0.047774763,175.3405726,134.176625,235.2660626,1.038141332,0.00796246,6850.01514,1
2728,924.0630116,1110.839693,10264.85873,1.034926927,0.042599163,295.1303941,3916.925322,11560.03714,1.042563386,0.004777476,122.0009138,32.34886109,1.027395081,0.216578924,644.4857843,1321.965949,1.03371598,0.128991859,108.7145046,96.86123225,105.3022088,1.039791088,0.005175599,3672.223678,1
2729,827.3507433,780.8083536,6460.023717,1.043317824,0.056931592,139.6861249,1682.368452,2350.035297,1.094851777,0.000796246,115.9497255,36.96414124,1.032985054,0.217773293,1115.601954,4995.139295,1.033626307,0.099132632,309.3777599,108.4992971,335.672695,1.045581768,0.016323044,3527.18583,1
2730,876.5922586,2030.013409,17794.94039,1.039101804,0.033840457,117.6054971,141.0574776,165.8913477,1.068062728,0.001194369,117.8393177,35.90171455,1.031436335,0.2213564,806.3977082,1483.378716,1.030776907,0.116650045,253.3576164,289.683893,733.9362063,1.041886427,0.005971845,5381.990942,1
2731,772.9447993,2928.246692,22633.73052,1.026802972,0.024683627,0,0,0,0,0,155.9374437,54.66875169,1.037902787,0.21737517,1029.381853,1769.678339,1.030480143,0.091568295,129.123847,118.6947067,153.2631715,1.02735721,0.000796246,6217.699895,1
2732,796.9749953,2334.934941,18608.84764,1.035187825,0.028266735,0,0,0,0,0,166.776396,46.31947489,1.034532525,0.244049412,1155.943024,2073.597698,1.03591203,0.124612506,123.9852116,142.7776907,177.023222,1.041969378,0.002388738,5086.211595,1
2733,101.2152982,42.94983778,43.47180638,1.039481254,0.012341814,993.7459667,1011.138975,10048.15279,1.040176973,0.05932033,275.761555,109.6711325,1.042263779,0.068079037,607.3442183,5194.243,1.042829779,0.037423564,0,41.28511539,0,1,0.000398123,6279.874263,1
2734,227.5635595,119.82753,272.6837926,1.034069819,0.016323044,1014.458692,1114.01003,11301.17158,1.030236989,0.047774763,768.7888326,245.3984578,1.03689318,0.122621891,398.8296356,1117.985477,1.045325074,0.052552239,0,0,0,0,0,5248.986222,1
2735,334.107764,219.9859805,734.9902406,1.041104418,0.074847128,606.442482,229.4499682,1391.482082,1.041803175,0.041404794,831.8939474,2327.792423,1.033564232,0.029859227,257.6205831,915.6841282,1.041161545,0.012739937,0,0,0,0,0,8438.797773,1
2736,242.2080283,121.1067447,293.3302585,1.038489059,0.073254636,166.4941896,48.49891243,80.74787119,1.033291345,0.074050882,810.7918493,1728.741522,1.036567216,0.028266735,548.7098834,14803.46621,1.036083487,0.014332429,0,10.32127885,0,1,0.000398123,6757.968083,1
2737,131.9971471,52.51375941,69.31666423,1.03380466,0.036229195,411.3217142,93.05469189,382.7541538,1.033386759,0.100725125,857.399279,243.0756736,1.037913565,0.085994573,695.7863053,21165.90729,1.029881826,0.022294889,0,0,0,0,0,6507.279529,1
2738,270.9934397,106.3306748,288.1491531,1.038085339,0.03821981,363.7053329,220.0972185,800.5053215,1.044292299,0.076041497,452.8944839,88.48346345,1.031765441,0.11465943,751.667257,22097.62754,1.032746792,0.023489258,0,0,0,0,0,6759.279855,1
2739,406.1951732,128.7344962,522.9133097,1.035204835,0.043793532,518.278404,323.6140683,1677.221829,1.04073378,0.083207712,474.5017178,122.2829638,1.034824635,0.101919494,730.7942913,7644.444254,1.039298783,0.052552239,0,0,0,0,0,3457.313371,1
2740,353.011119,181.2295139,639.7603348,1.043703603,0.040608548,533.7703806,203.9189806,1088.459119,1.042895017,0.083605835,431.3635162,295.0286679,1.040105291,0.056533469,1091.14152,12232.04154,1.035690418,0.052552239,0,0,0,0,0,5876.299594,1
2741,238.7120455,262.4553764,626.5125974,1.033397929,0.002786861,870.9681303,720.6129231,6276.308903,1.044809929,0.048172886,480.1277264,238.2042513,1.034802219,0.015128675,586.4660926,24223.77208,1.047331298,0.014730552,76.14996105,134.176625,102.1754477,1.055199088,0.000796246,11352.48192,1
2742,0,0,0,0,0,699.9185828,3189.47365,22323.71877,1.031573092,0.020702397,60.11057519,33.02809231,1.046159248,0.001990615,644.0392721,10675.57812,1.03929421,0.019906151,267.2893537,87.7308702,234.495276,1.027219214,0.010351199,15372.58961,0
2743,331.9151726,320.7691563,1064.681499,1.048716231,0.020304274,586.2846694,317.4868379,1861.376658,1.039009304,0.07643962,404.02826,159.9798221,1.040961939,0.049367255,705.9110115,15559.10162,1.031149193,0.027470489,132.726204,242.5500529,321.927478,1.050649922,0.003184984,6276.85851,1
2744,326.6746554,190.8383395,623.4204879,1.038315338,0.019508028,639.2646591,363.3359991,2322.678636,1.041508522,0.060912822,407.2892807,137.7100358,1.039395,0.044191655,574.7555898,13832.08189,1.033978931,0.028266735,106.0660172,41.28511539,43.78947758,1.047180224,0.000796246,6144.998518,1
2745,66.66666667,46.44575481,30.96383654,1.031378768,0.001592492,592.1408734,1824.182823,10801.7321,1.036947358,0.019906151,133.4788949,73.72342033,1.050195322,0.005573722,304.9516997,12700.9566,1.048709457,0.015128675,137.5923082,80.85001763,111.2434054,1.029369487,0.002388738,10375.11514,1
2746,0,0,0,0,0,400.2343543,7453.784729,29832.60718,1.041774751,0.006768091,0,0,0,0,559.6796625,17861.57393,1.041958024,0.015526798,0,0,0,0,0,21982.72401,1
2747,0,0,0,0,0,235.4634049,2345.223916,5522.144084,1.034389433,0.003583107,131.8314967,67.0883125,1.036046353,0.003184984,385.2462921,58951.6513,1.026038046,0.005971845,0,0,0,0,0,40356.69136,1
2748,0,0,0,0,0,0,0,0,0,0,0,0,0,0,0,0,1,0.000398123,0,0,0,0,0,0,0
2749,0,0,0,0,0,177.7573983,208.1457901,369.9945411,1.061364803,0.004777476,47.14045208,30.96383654,1.059676603,0.000796246,0,0,1.045721171,0.000398123,0,0,0,0,0,64146.80162,0
2750,0,0,0,0,0,145.8872938,122.5651863,178.8070334,1.048477351,0.003184984,69.2820323,17.20213141,1.007584656,0.001194369,0,0,1.025209702,0.000398123,0,0,0,0,0,72184.14866,0
2751,0,0,0,0,0,0,0,0,0,0,0,0,0,0,0,0,1,0.000398123,0,0,0,0,0,0,1
2752,0,0,0,0,0,178.1291904,193.0079144,343.8034354,1.035387925,0.00398123,797.3495572,749.2388336,1.038062974,0.047774763,820.5224629,17160.54652,1.039969471,0.03025735,62.79133392,56.02979945,35.18185847,1.035432079,0.002786861,11167.33952,0
2753,0,0,0,0,0,329.7998189,213.7012325,704.7862777,1.033624104,0.024285504,474.1047124,311.6087914,1.036974587,0.043793532,670.3375101,29708.46949,1.031687694,0.018313659,0,0,0,0,0,13711.75293,0
2754,0,0,0,0,0,309.4771104,209.1417029,647.2456988,1.044682052,0.015128675,351.2265603,488.117095,1.044638635,0.051755993,705.4635447,24333.49758,1.029206918,0.020702397,117.2177461,68.80852564,80.65580288,1.034166737,0.002388738,11731.2377,0
2755,0,0,0,0,0,813.3235546,1507.913666,12264.21703,1.041868556,0.032646088,468.4681576,163.4202484,1.027327995,0.016721167,941.8510334,8057.487889,1.031217242,0.056135346,70.71067812,20.64255769,14.59649253,1.011376984,0.000796246,8959.187316,0
2756,0,0,0,0,0,749.3871593,2180.261129,16338.59694,1.033553802,0.028266735,129.0848161,59.9924333,1.028567985,0.006369968,890.160714,3744.149022,1.037245895,0.089975803,71.43999909,60.20745994,43.01220883,1.030188718,0.002388738,8321.481949,1
2757,118.8372331,33.54415625,39.86294715,1.017159166,0.001592492,845.9530537,1967.444787,16643.65925,1.038893862,0.031451719,136.9061541,77.40959135,1.04604402,0.011943691,756.3412348,3334.187488,1.041811529,0.084003958,30.63121945,46.44575481,14.22690108,1.025166533,0.002388738,8558.321829,1
2758,204.3609978,84.70566778,173.1053479,1.03454928,0.023091135,749.4822595,2988.433229,22397.77689,1.040067419,0.024285504,315.6360364,137.9570934,1.03608629,0.06847716,566.8692294,1689.802162,1.037088786,0.053746608,0,0,0,0,0,8530.739429,1
2759,270.926255,93.53658955,253.4151791,1.035387269,0.012739937,583.1535781,3245.58951,18926.77136,1.029260502,0.022693012,184.208231,64.80572199,1.030259143,0.041404794,791.2809757,2757.12937,1.036550829,0.06449593,0,0,0,0,0,7834.969135,1
2760,135.7359154,47.21436068,64.08684465,1.031191225,0.018711782,243.9270834,38085.51894,92900.89555,1.064528312,0.002388738,105.0878612,28.53530034,1.014162679,0.006768091,304.3608416,401.7238482,1.032590648,0.060116576,47.14045208,15.48191827,7.298246263,1.028320168,0.000796246,15245.75925,1
2761,66.85545185,47.18298901,31.5444005,1.040834985,0.005573722,766.1225029,2697.496583,20666.12834,1.043892683,0.027072365,177.0127479,55.04682052,1.024239123,0.011943691,641.3391546,2773.104168,1.04141037,0.059718453,138.4867193,96.3319359,133.4069377,1.02387974,0.002388738,10608.59082,1
2762,0,0,0,0,0,815.0876983,691.3297091,5634.943413,1.041191702,0.062903437,265.1426419,120.5713029,1.042487177,0.043793532,876.3853124,8810.959973,1.041736486,0.049765378,151.3162367,188.363339,285.0243158,1.037403111,0.006369968,5997.095012,0
2763,0,0,0,0,0,480.180522,181.9968215,873.9132873,1.036691572,0.079226481,373.3192891,173.3974846,1.043495378,0.065690299,652.9689854,27092.68941,1.034323622,0.017517413,171.2192288,180.3766351,308.8394836,1.041616562,0.008360583,8701.580672,0
2764,0,0,0,0,0,369.9679232,155.8958629,576.7646862,1.039688635,0.1106782,253.1993438,82.40552951,1.034457285,0.074847128,579.2208457,32437.55173,1.027003824,0.013536183,93.08723402,92.40002015,86.01262299,1.040099147,0.008360583,8294.610975,0
2765,0,0,0,0,0,508.3448664,446.1529596,2267.995667,1.047204659,0.072060267,123.3041855,60.47504865,1.031819418,0.053746608,760.4594445,18646.60456,1.029302727,0.025877996,244.1725856,261.7851635,639.2076023,1.032938614,0.004379353,7744.379507,0
2766,0,0,0,0,0,721.8763865,917.023188,6619.773853,1.04034056,0.054940977,123.9184563,39.76728026,1.024575361,0.013536183,702.9974209,6466.965217,1.039850586,0.052950362,124.7219129,185.7830192,231.7121354,1.040493995,0.001990615,6113.698946,0
2767,0,0,0,0,0,913.2190568,892.1271094,8147.074774,1.040979239,0.055737223,130.6831103,28.01489973,1.01681031,0.011147445,787.8793961,5133.329578,1.038530503,0.076041497,163.8164594,210.5540885,344.9222529,1.033704203,0.001990615,6266.078777,0
2768,0,0,0,0,0,633.8180016,4128.511539,26167.24933,1.032964788,0.016721167,91.68022011,23.27347191,1.018004604,0.020304274,579.5743086,1084.598254,1.036427392,0.160841701,104.7768586,198.1685539,207.6347855,1.031885017,0.001990615,7628.153945,0
2769,0,0,0,0,0,397.9192075,12960.30083,51571.52636,1.035800318,0.006369968,76.92472766,26.60596325,1.02423494,0.035831072,605.446523,1399.481405,1.034216315,0.06847716,168.2006041,184.6362105,310.5592215,1.0278437,0.003583107,12219.91068,0
2770,96.78469054,35.09234808,33.96402049,1.020288204,0.005971845,371.8054874,14597.23723,54273.32901,1.046008764,0.005573722,72.40130832,23.77021795,1.025614939,0.01313806,602.7815572,2393.944748,1.035599615,0.037423564,296.3653749,314.4020326,931.7787626,1.026681187,0.010351199,15142.29531,1
2771,506.4389557,101.7891638,515.4999781,1.032342656,0.034636703,331.3729253,20097.40651,66597.36387,1.026130885,0.004379353,190.484791,34.60393042,1.023814541,0.089179557,106.4931692,69.78297087,1.035009435,0.03423858,345.7274863,491.5509051,1699.426588,1.029560192,0.006369968,10731.98256,1
2772,615.5820633,406.7894504,2504.122892,1.041120033,0.050163501,398.7699954,4275.589762,17049.7691,1.038856197,0.011147445,260.3699722,49.08176487,1.030449138,0.1106782,654.9867338,2541.956019,1.038134459,0.064894053,166.0526569,97.14144797,161.3059553,1.052386817,0.013536183,4018.801842,1
2773,730.6029935,1473.15613,10762.92278,1.041680466,0.039812302,217.79361,125.7905859,273.9638581,1.036576456,0.006369968,175.4261795,34.42172691,1.025923,0.156860471,872.8631215,1440.633039,1.034394002,0.175572253,402.3975285,911.9153428,3669.524802,1.028540135,0.006768091,3635.13172,1
2774,784.8346511,1212.399541,9515.331711,1.041830799,0.041006671,227.6165429,127.7258257,290.7251089,1.020528065,0.003184984,114.4607964,32.76173673,1.027200688,0.185127205,1328.439118,5615.084801,1.028361975,0.100725125,248.2133744,443.8149904,1101.608164,1.03051742,0.002786861,4553.377128,1
2775,986.8344103,967.521905,9547.839086,1.03392307,0.062903437,0,0,0,0,0,197.4727655,46.39565151,1.03395821,0.164026685,1272.615578,3091.812969,1.033791717,0.128593736,133.8534075,120.4149199,161.1794734,1.071975031,0.002388738,4413.453023,1
2776,1135.608815,950.6037294,10795.13975,1.032316755,0.058922207,121.5561509,236.2426047,287.1674171,1.059005653,0.003583107,206.8489707,48.90823315,1.035933569,0.252808119,1199.271996,2707.839382,1.034582133,0.125408752,289.811783,294.4021919,853.2122416,1.04706157,0.008360583,4165.225501,1
2777,260.5538609,88.05900334,229.441133,1.040018592,0.068875283,794.2542466,227.1693236,1804.302,1.042003875,0.121825645,1010.131779,727.454185,1.042021727,0.062903437,452.5175055,2773.978647,1.040520801,0.033442334,0,0,0,0,0,3757.022335,1
2778,320.9465279,149.3039955,479.1859896,1.041280924,0.052154116,474.4888019,168.9700763,801.7440906,1.039612017,0.087985188,879.8426174,446.4390443,1.037385905,0.046978517,770.3731199,17594.03286,1.037095714,0.024683627,0,0,0,0,0,6303.159653,1
2779,234.1714344,117.4616336,275.0615923,1.041644842,0.044987901,351.8265553,161.1767765,567.0627008,1.044660977,0.104706355,349.2808697,165.8506413,1.040788692,0.086790819,977.1388228,14285.99777,1.027117596,0.043395409,0,0,0,0,0,5644.358304,1
2780,169.1978464,61.42664013,103.9325522,1.034265457,0.041006671,495.4257801,538.5921183,2668.324203,1.039750961,0.041404794,278.9516406,95.67661661,1.035817015,0.075245251,991.4933643,16279.10429,1.03214268,0.041404794,0,0,0,0,0,7521.547514,1
2781,183.5143172,52.83511791,96.96000586,1.034749775,0.033442334,599.2244782,1535.399256,9200.48818,1.039525342,0.028266735,232.9473912,69.38193002,1.03641324,0.042997286,796.3888781,12960.49346,1.045054537,0.031849842,70.71067812,20.64255769,14.59649253,1.011376984,0.000796246,7508.932728,1
2782,78.42699568,37.15660385,29.14080809,1.037772143,0.005971845,628.9948537,1089.560807,6853.281406,1.042509484,0.024683627,178.4527218,79.6802727,1.042160988,0.009953076,432.9934513,32538.38017,1.036043821,0.009554953,147.2399125,240.8298398,354.5976454,1.044245667,0.001194369,14831.63925,1
2783,0,0,0,0,0,550.9825394,4127.297271,22740.68731,1.046461555,0.013536183,35.35533906,20.64255769,1.019728705,0.001990615,614.3534503,11367.43045,1.039519313,0.023489258,120.5688975,225.5936662,271.9957962,1.024996358,0.002786861,15423.93339,1
2784,0,0,0,0,0,422.6172626,11730.13341,49573.56871,1.043748614,0.007166214,101.0605934,34.06022019,1.022178541,0.00398123,486.7728856,2749.807817,1.03589288,0.022294889,194.6087445,260.029638,506.0404139,1.029406654,0.012341814,19679.40915,0
2785,0,0,0,0,0,297.0623024,20673.52153,61413.23905,1.046994149,0.003583107,0,0,0,0,486.0260914,4252.10489,1.04565046,0.028664858,153.2643512,193.2894039,296.2437508,1.03356698,0.004379353,19519.94607,0
2786,0,0,0,0,0,573.5182102,2293.970386,13156.3379,1.040401318,0.015526798,0,0,0,0,538.83233,22207.25265,1.040356586,0.015526798,114.4128695,163.4202484,186.9737956,1.0421748,0.002388738,17505.41218,0
2787,0,0,0,0,0,331.3076864,1003.572347,3324.912322,1.035076019,0.011943691,0,10.32127885,1,0.000796246,343.8516722,63331.70854,1.052136933,0.004777476,47.14045208,15.48191827,7.298246263,1.004812305,0.000796246,32376.27662,0
2788,0,0,0,0,0,175.0770524,510.9033029,894.4744435,1.040589155,0.00398123,0,0,0,0,0,0,1.039239406,0.000398123,0,0,0,0,0,74043.5982,0
2789,0,0,0,0,0,162.5767911,536.7065,872.5602056,1.059015942,0.002786861,0,0,0,0,173.0750325,142741.7272,1.018149226,0.001194369,0,0,0,0,0,78069.58922,0
2790,0,0,0,0,0,0,0,0,0,0,120.8038608,59.34735337,1.041242962,0.001592492,0,0,1.007440217,0.000398123,0,0,0,0,0,112197.8161,0
2791,0,0,0,0,0,390.5117645,149.3718411,583.3146122,1.034228892,0.014332429,631.9420285,727.8599408,1.033899614,0.048969132,842.825891,16573.3249,1.033773041,0.031451719,124.9073731,185.7830192,232.056689,1.019762001,0.001990615,9985.503974,1
2792,0,0,0,0,0,646.1729073,887.8406192,5736.985541,1.038585907,0.039016056,185.9704641,146.1493085,1.038722292,0.039812302,846.4624593,13692.68217,1.032519058,0.036627318,127.934703,81.42342201,104.1688131,1.028361073,0.003583107,8267.89096,1
2793,0,0,0,0,0,864.1039727,583.4238674,5041.388816,1.040862914,0.045386024,283.8068904,86.01065706,1.034695376,0.097938263,912.6608924,13034.06667,1.038108679,0.045386024,142.8472562,87.7308702,125.3211409,1.038734477,0.003184984,6797.669049,1
2794,85.69322895,35.09234808,30.07176618,1.025994609,0.00398123,886.7367944,1336.652956,11852.59357,1.044862089,0.043395409,356.2821352,85.84145576,1.033217209,0.072856513,959.6367824,6127.458806,1.037905726,0.055737223,0,30.96383654,0,1.022753969,0.000398123,6813.436291,1
2795,131.5762384,46.83280277,61.62084021,1.025039231,0.031849842,619.9903996,5002.379814,31014.2746,1.033112917,0.015526798,321.0198161,123.5502837,1.036884549,0.080818973,455.9064496,986.295618,1.03982995,0.050163501,0,0,0,0,0,9165.344756,1
2796,166.9369427,46.44575481,77.53512311,1.031190459,0.035831072,386.4576025,14261.25502,55113.70426,1.029351443,0.005971845,185.8219505,72.69770318,1.034438784,0.064097807,249.4967398,487.1078369,1.040126529,0.042599163,0,485.1001058,0,1.067201489,0.000398123,11037.50729,1
2797,99.04304019,61.92767308,61.33505014,1.037218718,0.014332429,733.8307528,1650.855611,12114.48616,1.038266796,0.037423564,184.8715042,46.23932923,1.029059728,0.039812302,655.2896674,6147.599521,1.043273446,0.037821687,0,10.32127885,0,1,0.000796246,7295.126912,1
2798,81.76505129,43.496818,35.56519554,1.041521054,0.005573722,477.9955486,7663.152571,36629.52818,1.035135213,0.010351199,142.6677733,34.87880438,1.025943287,0.011545568,408.145413,1505.998286,1.040385048,0.054144731,0,134.176625,0,1.031411851,0.000398123,13082.94003,0
2799,69.2820323,25.80319712,17.87697936,1.038672669,0.001592492,867.2675889,772.8256023,6702.465967,1.046502741,0.051755993,389.0821255,117.6625789,1.037624826,0.043793532,797.852698,14858.84633,1.02946035,0.029062981,133.4164714,90.17538361,120.3088149,1.029955125,0.007564337,8077.879639,0
2800,0,0,0,0,0,262.3604682,163.9475499,430.1335596,1.039116738,0.079226481,200.7349549,111.3046711,1.042262986,0.099530755,639.1721213,28431.81689,1.0265339,0.016721167,144.2414336,162.5601418,234.479079,1.040820778,0.009554953,8122.486449,0
2801,0,0,0,0,0,262.7545977,124.6744953,327.5879684,1.041433906,0.050163501,223.6603377,80.3928651,1.038883309,0.145314903,435.2598078,46617.31821,1.018121937,0.007564337,141.207474,90.75607262,128.1543577,1.032669244,0.011545568,8752.03179,0
2802,0,0,0,0,0,733.4783028,818.7701055,6005.501074,1.039826198,0.053348485,133.4762216,32.98761671,1.023563701,0.040608548,925.2160167,9481.920413,1.033463171,0.052950362,181.9424133,128.2787514,233.393456,1.036918222,0.005573722,6617.943255,0
2803,0,0,0,0,0,634.3378372,386.8043214,2453.646167,1.048778174,0.092762664,103.2266053,27.97216151,1.022415247,0.027470489,928.7675002,15248.9121,1.032501171,0.037821687,180.7561135,101.5480661,183.5543375,1.042017072,0.012341814,7402.680829,0
2804,0,0,0,0,0,672.350161,3264.559786,21949.27297,1.038792709,0.020304274,72.03047024,22.83191987,1.018798653,0.026276119,863.4190815,1648.32797,1.037060188,0.168406038,123.1318658,303.1875661,373.3205071,1.041111235,0.003184984,6851.876557,0
2805,51.63977795,25.80319712,13.32471369,1.016919319,0.001592492,385.242533,13880.74388,53474.52932,1.036445962,0.005971845,126.503235,37.34673267,1.027893603,0.060514699,405.2951188,490.4931156,1.0358647,0.097142017,190.4618621,696.2171731,1326.028192,1.047755087,0.004379353,10042.36703,0
2806,0,10.32127885,0,1,0.000398123,141.396892,119329.4654,168728.1554,1.079512736,0.000796246,157.3747907,36.29275768,1.027487949,0.073254636,239.8494507,183.9473456,1.030681458,0.028664858,63.2455532,51.60639423,32.63874952,1.039480592,0.002388738,14656.915,1
2807,367.1538146,118.5623826,435.3063105,1.030117921,0.015526798,434.1804792,12280.14893,53318.00945,1.033601275,0.007564337,244.2988784,52.04559759,1.026114819,0.056135346,307.1745521,476.4458072,1.03200793,0.014332429,51.63977795,77.40959135,39.97414108,1.050426655,0.001592492,15033.72645,1
2808,264.5816387,113.5340673,300.3902958,1.042078285,0.057727838,517.7987131,7153.41078,37040.26896,1.026759155,0.010749322,246.863802,64.14371236,1.033573964,0.135361827,444.400771,657.1172001,1.031880332,0.037821687,259.2347201,109.9613169,285.0579122,1.040017941,0.020702397,7501.733193,1
2809,719.0413484,1277.809608,9187.979432,1.038007422,0.046580394,244.9420168,2803.517367,6866.991979,1.055970156,0.003184984,165.4761521,32.27538026,1.024232594,0.144120534,802.9259954,1439.961007,1.033829214,0.147305518,98.75771575,92.89150962,91.73753302,1.045920887,0.005175599,3571.193261,1
2810,331.1238028,19698.62983,65226.85218,1.046971192,0.004379353,0,0,0,0,0,98.67856425,34.27800865,1.030176482,0.130186228,224.0786115,105.1133925,1.028129735,0.195080281,24.38299245,149.6585433,36.49123131,1.044740773,0.000796246,7509.149239,1
2811,141.3584352,115990.5317,163962.4005,1.109814904,0.000796246,0,0,0,0,0,140.1717119,34.27948052,1.028142733,0.153675486,144.0534325,44.75934601,1.024627508,0.07643962,0,0,0,0,0,9629.08026,1
2812,832.4340268,1881.790304,15664.6628,1.036567318,0.033442334,0,41.28511539,0,1.034513382,0.000398123,204.7811257,43.63679917,1.028113286,0.157258594,1375.033753,2407.524059,1.03259705,0.154073609,381.1733418,424.8021083,1619.232392,1.031998711,0.007564337,5086.443054,1
2813,1140.901254,817.6746464,9328.860292,1.034546507,0.060912822,0,0,0,0,0,180.1644483,48.43211413,1.035709416,0.211005202,949.6097747,4077.550708,1.034811599,0.091170172,132.5133452,39.89571246,52.8671432,1.025678284,0.020702397,4214.349052,2
2814,468.2655877,9506.366967,44515.04514,1.018902044,0.008758706,0,0,0,0,0,156.4756956,39.54178998,1.030487807,0.207422094,447.724137,435.1704841,1.035910791,0.084003958,81.91132413,232.228774,190.2216638,1.070959799,0.001592492,7585.983967,2
2815,0,0,0,0,0,313.5990339,766.5269757,2403.82119,1.04730389,0.017915536,0,0,0,0,259.0664979,70169.75685,1.038352359,0.003184984,0,0,0,0,0,27535.25903,0
2816,0,0,0,0,0,306.8857667,2935.281954,9007.962529,1.03484937,0.00915683,0,0,0,0,325.4913661,36920.7638,1.043632822,0.006369968,220.0618416,362.9649728,798.7474034,1.023142068,0.002388738,22908.45212,0
2817,0,0,0,0,0,497.4367108,5751.532637,28610.23477,1.043593922,0.011147445,60.60915267,36.12447596,1.013294279,0.000796246,533.6615447,9838.349872,1.028551153,0.018711782,222.3641381,155.2883317,345.3055605,1.045323257,0.008758706,16600.02256,0
2818,0,0,0,0,0,397.5480825,9763.929789,38816.31565,1.029531511,0.006369968,0,0,0,0,404.911457,8543.221803,1.042085946,0.017915536,0,10.32127885,0,1,0.000398123,20850.79312,0
2819,0,0,0,0,0,407.6917307,7598.889767,30980.04521,1.033420006,0.006768091,0,0,0,0,497.2060257,18936.34951,1.039733613,0.012739937,0,123.8553462,0,1.08971822,0.000398123,23323.962,0
2820,0,0,0,0,0,394.3109129,4786.644849,18874.263,1.0406632,0.006768091,0,0,0,0,608.4664669,24600.25284,1.040417183,0.016721167,0,0,0,0,0,22938.66159,0
2821,0,0,0,0,0,126.4278142,211.5862164,267.5038286,1.044441215,0.004777476,0,0,0,0,141.3978741,175785.5595,1.0200912,0.000796246,0,0,0,0,0,66394.06552,0
2822,0,0,0,0,0,0,0,0,0,0,0,0,0,0,0,0,1,0.000398123,0,0,0,0,0,0,0
2823,0,0,0,0,0,0,0,0,0,0,0,20.64255769,1.009624609,0.000398123,0,0,1.000888049,0.000398123,0,0,0,0,0,177580.9281,0
2824,0,0,0,0,0,0,0,0,0,0,0,30.96383654,1.022753969,0.000398123,0,0,1.004363773,0.000398123,56.56854249,51.60639423,29.19298505,1.032118155,0.000796246,125499.8714,0
2825,0,0,0,0,0,0,0,0,0,0,0,0,0,0,0,0,1,0.000398123,0,0,0,0,0,0,0
2826,0,0,0,0,0,444.2468536,396.7437035,1762.52142,1.03923038,0.026276119,124.947498,76.67235715,1.034175468,0.02508175,533.2696662,39926.95598,1.039978682,0.011545568,263.0755199,379.3069976,997.863856,1.017514243,0.003184984,16715.71983,1
2827,0,0,0,0,0,680.8048288,631.4558398,4298.981849,1.041403483,0.039812302,269.1701022,77.72554887,1.030392622,0.019508028,737.0824807,23734.459,1.030221226,0.022294889,177.4860682,177.3383365,314.750841,1.042423456,0.008758706,12113.08325,1
2828,0,0,0,0,0,817.3116201,579.6703776,4737.713354,1.039815453,0.066088422,111.6212523,45.76181465,1.03369694,0.033044211,960.5047266,10218.72581,1.033740575,0.056533469,70.71067812,41.28511539,29.19298505,1.043521719,0.000796246,6866.713938,1
2829,50,20.64255769,10.32127885,1.010792859,0.001194369,753.2750225,2882.217118,21711.02164,1.033517292,0.023887381,479.2701884,135.061306,1.034126407,0.055737223,602.4054258,2014.219557,1.038075797,0.070467775,84.13197549,23.2228774,19.53786553,1.00664714,0.001592492,8692.529469,1
2830,130.233608,49.56929972,64.55588747,1.031083878,0.03025735,299.5394312,23529.07534,70478.85846,1.043283283,0.003583107,244.3914883,63.38365285,1.034931857,0.127001244,210.1259918,297.4595951,1.041292737,0.043395409,0,0,0,0,0,9335.215624,1
2831,105.9411601,34.40426282,36.44827517,1.021000191,0.007166214,401.1674324,12386.14175,49689.16684,1.056145325,0.006768091,154.3455042,42.14522196,1.023422448,0.07643962,278.1642832,715.6689846,1.041420155,0.049367255,0,0,0,0,0,10955.09633,1
2832,116.4216083,58.34682123,67.92830769,1.033079039,0.019508028,393.7253031,12630.66499,49730.12401,1.044757499,0.006369968,140.3911307,43.34937116,1.028744641,0.08957768,299.5386054,1103.61518,1.049796592,0.039414179,0,0,0,0,0,10105.25422,1
2833,0,30.96383654,0,1.022753969,0.000796246,988.0839925,1227.592811,12129.64806,1.038948906,0.044987901,296.2524818,66.91435837,1.031079684,0.035432949,539.8474834,5564.814948,1.038450172,0.040608548,133.182076,130.0481135,173.2007773,1.029046133,0.00398123,7906.070722,0
2834,0,0,0,0,0,460.837946,602.3797985,2775.994691,1.048140906,0.049367255,247.0246338,85.98741093,1.041270735,0.058922207,680.8346328,13285.42212,1.033585676,0.033044211,167.6106442,69.07317382,115.7739916,1.029181296,0.010351199,6412.300451,0
2835,0,10.32127885,0,1,0.000398123,736.7212979,256.8610698,1892.350207,1.032163913,0.094753279,145.8222299,43.30752813,1.025592328,0.058922207,847.3199986,18128.17487,1.035177027,0.031849842,266.5342278,204.3951614,544.7830653,1.036014728,0.024285504,7170.218467,0
2836,0,0,0,0,0,675.2884001,335.593346,2266.222937,1.041115108,0.081217096,110.6428475,43.56023599,1.033494233,0.074050882,933.3454137,17376.62139,1.029933352,0.036627318,174.608143,79.37554923,138.5961725,1.028712289,0.016721167,7413.365462,0
2837,0,0,0,0,0,725.8423204,361.8980051,2626.808878,1.040919162,0.062903437,84.39400905,26.25854765,1.021295583,0.027072365,804.414735,19743.55614,1.038599265,0.029859227,162.8772256,140.2270298,228.3978957,1.035246952,0.023091135,9189.206859,0
2838,0,0,0,0,0,842.8298817,1941.776594,16365.87337,1.033259194,0.029859227,91.94855839,28.87638689,1.023704459,0.035432949,648.1392203,2104.397484,1.043152689,0.117446291,132.8925561,239.7977119,318.6733088,1.033667064,0.011943691,6608.480341,0
2839,53.52306875,31.39388983,16.80297323,1.025598745,0.009554953,660.1342703,3787.066783,24999.72568,1.042206953,0.019508028,118.8170697,31.0249092,1.026878306,0.067282791,531.7009804,783.4307468,1.037713241,0.154471733,158.6107483,163.0762058,258.6563902,1.056020589,0.005971845,6921.474512,0
2840,65.46536707,48.16596795,31.53202772,1.02513752,0.001194369,385.2952162,14250.93375,54908.16599,1.057579194,0.005971845,181.9010078,42.05493453,1.031847156,0.144120534,206.8497661,139.2464517,1.035192798,0.107493216,152.4541753,133.4648127,203.4726794,1.051389182,0.011545568,8162.525907,1
2841,113.5013254,40.76905144,46.27341375,1.032933132,0.015924921,282.6986634,28951.18716,81844.61915,1.03153068,0.003184984,143.6847103,30.23605406,1.023084216,0.062107191,214.8685922,139.1413112,1.036921362,0.053746608,125.9494013,99.54300043,125.3738131,1.054254793,0.017915536,11811.8127,1
2842,188.7506323,66.22820593,125.0061575,1.022722742,0.009554953,244.8339766,39571.7831,96885.17019,1.044378651,0.002388738,75.88629992,24.49378114,1.022301794,0.053348485,328.6170068,176.8038726,1.021500701,0.037423564,163.5991824,146.8797374,240.2940495,1.044624899,0.010351199,14081.14563,1
2843,814.4937556,541.8671394,4413.474014,1.045468229,0.039812302,299.7167583,17764.0677,53241.88786,1.032450818,0.003583107,181.5891895,40.90195886,1.028778091,0.171591022,208.43049,196.9326759,1.034513515,0.074847128,134.5166148,143.6377973,193.2167024,1.032278778,0.004777476,6089.413911,1
2844,423.1540282,11833.9196,50075.70749,1.035589309,0.007166214,0,30.96383654,0,1.022753969,0.000398123,145.362231,44.82951059,1.033662298,0.14491678,233.548469,119.100368,1.026537629,0.148101764,158.3267004,949.5576539,1503.403301,1.057262025,0.001194369,7717.095419,1
2845,282.6036478,27910.02816,78874.75768,1.039186795,0.003184984,0,0,0,0,0,160.6983001,41.96563927,1.030089902,0.181145975,157.3876253,55.42594629,1.025614832,0.099530755,0,0,0,0,0,8354.488461,1
2846,968.7111094,1504.667189,14575.87822,1.031674545,0.04220104,0,0,0,0,0,155.4130661,42.00187086,1.030586351,0.229318861,1125.978503,2512.723254,1.029935355,0.11983503,22.80989617,159.9798221,36.49123131,1.057861673,0.000796246,4979.274188,1
2847,641.7719448,380.2836126,2440.553537,1.045833297,0.099928879,0,0,0,0,0,226.8027105,42.33193548,1.033080635,0.223745138,1097.391355,9021.758115,1.032554784,0.062903437,123.8732206,32.43830495,40.18237304,1.026100974,0.02508175,3727.926551,2
2848,137.2619046,350.9234808,481.6842534,1.069611407,0.000796246,539.1873573,883.8125215,4765.405379,1.037670165,0.029062981,124.0482892,70.33760399,1.042465758,0.010749322,801.9786906,21392.99842,1.03904137,0.027470489,0,0,0,0,0,13919.05677,1
2849,0,0,0,0,0,388.8589487,829.7570958,3226.58472,1.038835936,0.011147445,0,20.64255769,1.009624609,0.000398123,199.879236,113878.115,1.030012424,0.001592492,0,30.96383654,0,1.022753969,0.000398123,39054.48353,0
2850,89.29053701,46.91490385,41.89056959,1.028514905,0.004379353,390.3432999,952.6540375,3718.621206,1.056877516,0.015924921,159.658841,81.02203895,1.024243844,0.00796246,443.9744118,44510.22038,1.050547773,0.008360583,97.72465406,50.31623438,49.17136598,1.041666457,0.003184984,20518.30853,0
2851,0,0,0,0,0,190.3614591,712.1682404,1355.693854,1.034319577,0.001592492,0,0,0,0,0,0,1.014013665,0.000398123,0,0,0,0,0,110744.2707,0
2852,0,0,0,0,0,0,0,0,0,0,0,0,0,0,0,0,1,0.000398123,0,0,0,0,0,0,0
2853,0,0,0,0,0,0,0,0,0,0,0,0,0,0,0,0,1,0.000398123,0,0,0,0,0,0,0
2854,0,0,0,0,0,0,0,0,0,0,0,0,0,0,0,0,1,0.000398123,0,0,0,0,0,0,0
2855,0,0,0,0,0,0,0,0,0,0,340.17724,213.3766423,1.052944997,0.019508028,264.1913462,90852.83244,1.029278383,0.002786861,0,0,0,0,0,32109.06414,0
2856,0,0,0,0,0,0,0,0,0,0,255.7567539,112.0595989,1.035716925,0.005573722,141.3277927,176384.0157,1.028973913,0.000796246,0,0,0,0,0,62354.8572,0
2857,0,0,0,0,0,0,0,0,0,0,71.26096407,33.02809231,1.029898599,0.001990615,0,0,1.006326733,0.000398123,0,0,0,0,0,102462.3514,0
2858,0,0,0,0,0,377.9446029,208.7437251,788.9356431,1.04004365,0.074449005,105.1572691,31.86133905,1.024681607,0.00915683,544.8841546,30891.03535,1.035878461,0.012739937,312.6703889,1428.268397,4465.772349,1.04125711,0.008360583,10866.33265,1
2859,0,0,0,0,0,624.7018398,434.6341844,2715.167746,1.04109087,0.072060267,125.3337786,39.93886162,1.02996256,0.036627318,941.8497187,15277.36569,1.036910949,0.040608548,237.6478488,178.1778664,423.4358665,1.026776895,0.007564337,7983.253996,1
2860,0,0,0,0,0,937.8422114,1082.866945,10155.5833,1.041107691,0.04737664,211.991089,52.53863877,1.029495903,0.061709068,1089.875676,7316.451306,1.033725688,0.067282791,75.4523772,65.68086539,49.5577743,1.023383647,0.004379353,6847.808616,1
2861,0,0,0,0,0,411.3386315,12313.8928,50651.79812,1.026317466,0.006768091,114.7585539,31.37260006,1.023942808,0.08042085,260.9960182,418.5865094,1.03879966,0.087188942,82.3149362,63.64788622,52.39171694,1.029584063,0.002388738,9912.671596,1
2862,0,10.32127885,0,1,0.000398123,264.4164559,31550.67497,83425.17656,1.042067459,0.002786861,137.1873631,28.47249337,1.022008825,0.103910109,352.7358826,527.5424536,1.04301329,0.060912822,0,0,0,0,0,10746.8721,1
2863,67.33565853,43.25107326,29.123395,1.039937659,0.008360583,497.1679254,7895.365466,39253.22469,1.037525976,0.009953076,210.0619502,63.40214149,1.031046537,0.09754014,425.2832404,1231.432617,1.040169876,0.05135787,0,0,0,0,0,9597.889946,1
2864,0,10.32127885,0,1,0.000398123,649.5001957,4542.035819,29500.53153,1.033739694,0.018313659,258.6837876,73.0175578,1.031731945,0.037423564,757.1901727,3133.42382,1.027093057,0.033840457,63.40802599,24.51303726,15.54323304,1.015150204,0.003184984,13214.17334,0
2865,0,0,0,0,0,808.2909105,2426.503987,19613.21117,1.049871911,0.028664858,133.6801046,30.96383654,1.022070424,0.009953076,1233.788607,4042.124338,1.030395627,0.087985188,117.7211502,106.2092888,125.0307964,1.034832279,0.012341814,9464.760748,0
2866,0,0,0,0,0,745.8470957,1913.335736,14270.55902,1.045021962,0.035831072,100.1786783,23.61984967,1.020358853,0.041404794,1124.489758,4018.853709,1.030763009,0.080022727,203.3232845,173.5503925,352.8683581,1.037095968,0.010749322,7157.010413,0
2867,0,0,0,0,0,907.1013919,939.5250821,8522.445097,1.043682691,0.056931592,118.3021006,24.94309055,1.018420857,0.033442334,1137.986441,7276.534266,1.03738683,0.066088422,232.4397907,107.3413,249.5038931,1.03457285,0.031849842,6364.101508,0
2868,0,20.64255769,0,1.009624609,0.000398123,445.143089,209.7237299,933.5706899,1.042923459,0.105900724,154.3266407,33.99141167,1.022748286,0.029859227,627.8398226,28228.97866,1.031266016,0.015924921,171.8741605,135.1442449,232.2780363,1.038667172,0.03821981,8191.191726,0
2869,131.8387193,42.6612859,56.24409295,1.036009768,0.005971845,577.8261664,269.0128806,1554.426815,1.042150703,0.105900724,345.1694579,64.76239051,1.032023537,0.113066938,833.0797996,5022.031568,1.039835543,0.07643962,568.7437459,444.0193722,2525.33241,1.040095042,0.040210425,2677.97424,0
2870,89.35460227,28.5063892,25.47177069,1.027737536,0.008360583,811.6765074,631.9394109,5129.303739,1.039513833,0.085994573,365.180124,75.21430821,1.037414788,0.178757237,456.5345942,865.7232945,1.045790084,0.148499887,160.7582435,134.9034756,216.8684579,1.050984861,0.028266735,2309.182792,0
2871,44.09585518,17.69362088,7.80215344,1.014091932,0.002786861,942.447628,1353.511154,12756.13376,1.04193294,0.046182271,552.5101096,68.88153204,1.034616793,0.150092379,844.3734139,1279.619049,1.036248436,0.163230439,208.409611,100.7636715,210.0011757,1.043887393,0.023489258,4499.611073,1
2872,108.4498208,25.22979274,27.36166502,1.017182708,0.003583107,359.9699324,16957.0672,61040.34334,1.026492408,0.005175599,178.4647504,48.41171269,1.030582802,0.133769335,281.3522449,140.6732581,1.026607899,0.097142017,116.0215315,48.65745742,56.45312728,1.044799605,0.016721167,8672.37723,1
2873,297.129345,77.61601693,230.6199627,1.029124429,0.009953076,141.4091125,119215.9313,168582.1904,1.070964444,0.000796246,139.9129168,32.81454861,1.023094925,0.057727838,156.5876343,104.041886,1.024212901,0.019109905,114.2489715,109.9613169,125.6296736,1.063602649,0.010351199,15198.23856,1
2874,799.5508571,1630.916107,13040.00371,1.026363605,0.026674242,314.2894783,10282.05799,32315.42641,1.031613466,0.00398123,139.3933277,36.49843534,1.028495378,0.164822931,251.555021,206.1443741,1.031546739,0.112270692,186.1736281,54.18671394,100.8813713,1.031707053,0.006369968,5258.838937,1
2875,1198.264182,570.2876944,6833.553178,1.036315601,0.083207712,129.8359909,3653.732712,4743.860071,1.09787719,0.000796246,135.6878847,44.76764479,1.036237311,0.227726369,1274.36976,4568.804911,1.032309766,0.109881954,0,61.92767308,0,1.063533168,0.000796246,3830.102027,1
2876,1111.612371,796.189901,8850.545433,1.031270725,0.07643962,0,0,0,0,0,182.8371543,57.19708694,1.037116578,0.181544098,689.845733,1953.976118,1.033604899,0.101521371,0,0,0,0,0,4213.007801,1
2877,282.4288257,28208.05509,79667.67875,1.046516465,0.003184984,0,0,0,0,0,159.69075,38.15090506,1.027663642,0.152082994,209.5772564,80.4523376,1.023675868,0.113465061,0,0,0,0,0,8673.511712,1
2878,937.7561735,705.6613472,6617.382848,1.036616588,0.073254636,78.06247498,27.52341026,21.48545525,1.018103223,0.001194369,144.1727674,40.61293126,1.030436912,0.189506558,1287.200743,4255.777687,1.036552511,0.120233153,131.9682582,43.22035517,57.03714989,1.033829043,0.019109905,3656.461156,1
2879,183.1342125,124.6810485,228.3336562,1.044267625,0.009953076,725.6122917,318.2475838,2309.243586,1.035434934,0.084003958,457.9194148,114.1755027,1.036176712,0.070467775,951.9092873,13074.70282,1.034389778,0.046580394,0,0,0,0,0,6319.309909,1
2880,0,0,0,0,0,308.6599667,98.52129808,304.0958059,1.04039443,0.01313806,90.89011218,38.33617857,1.033575285,0.011147445,199.9554015,123399.4898,1.020756641,0.001592492,0,0,0,0,0,30605.67168,0
2881,179.0402473,246.2362239,440.8619441,1.049273312,0.002786861,199.3485749,67.3599251,134.2810508,1.026573551,0.007564337,0,72.24895193,1.018629051,0.000398123,0,0,1.055247702,0.000398123,113.7517812,52.63852212,59.87725651,1.017095019,0.00398123,40146.99875,0
2882,0,0,0,0,0,166.4441374,225.3479215,375.0784042,1.038151952,0.007166214,169.6955121,763.7746346,1.036531398,0.001194369,173.1459649,130898.2233,1.047539682,0.001194369,168.429124,4507.818536,7592.479273,1.04449307,0.001592492,42784.61623,0
2883,0,567.6703366,0,1.05069852,0.000398123,0,0,0,0,0,0,0,0,0,141.3970005,169479.8747,1.017745226,0.000796246,0,10888.94918,0,1.042208611,0.000398123,118043.729,0
2884,0,0,0,0,0,0,0,0,0,0,0,0,0,0,0,0,1,0.000398123,0,0,0,0,0,0,0
2885,0,0,0,0,0,0,0,0,0,0,0,0,0,0,0,0,1,0.000398123,0,0,0,0,0,0,0
2886,0,0,0,0,0,0,0,0,0,0,134.8737283,49.86384066,1.032576454,0.030655473,0,0,1.083229417,0.000398123,132.850365,170.301101,226.2456342,1.034537911,0.000796246,27609.45568,0
2887,0,0,0,0,0,0,0,0,0,0,323.9593055,239.5396799,1.046267881,0.009554953,244.3681791,99958.67728,1.053673372,0.002388738,0,0,0,0,0,44686.71733,0
2888,0,0,0,0,0,0,0,0,0,0,72.28912335,38.13139129,1.031767769,0.014332429,141.40967,176624.8578,1.019160804,0.000796246,0,0,0,0,0,40516.14103,1
2889,67.18882703,44.56915866,29.94549492,1.036523231,0.008758706,141.4084945,113487.6216,160481.1371,1.100324793,0.000796246,191.926972,52.08747079,1.031248188,0.093957033,187.2337103,185.7338893,1.0340963,0.042997286,101.0152545,108.3734279,109.4736939,1.046065384,0.000796246,11796.65118,1
2890,160.7518604,59.26411725,95.26817104,1.027631298,0.012341814,359.8793149,17436.60969,62750.75152,1.044852981,0.005175599,266.7528226,99.98378503,1.035775387,0.071264021,200.4154,108.9593119,1.025872727,0.03423858,0,92.89150962,0,1.041869718,0.000398123,12849.25387,1
2891,0,0,0,0,0,526.3843687,7261.363711,38222.68353,1.038061465,0.011943691,56.04485383,19.16808929,1.014162298,0.019508028,596.5385517,1162.37466,1.031497851,0.065690299,117.8511302,123.8553462,145.9649253,1.032169515,0.000796246,13389.22982,0
2892,0,0,0,0,0,855.2949598,1804.402396,15432.96275,1.033302829,0.033840457,83.67162009,32.08571468,1.024261686,0.018313659,701.3348589,3250.952387,1.037591394,0.08042085,151.195557,134.6926889,203.6493613,1.024031645,0.00796246,7954.732518,0
2893,0,0,0,0,0,1145.659375,270.5679374,3099.786941,1.034888044,0.098336386,104.7589322,32.39124744,1.026531226,0.037423564,1021.162428,14380.5453,1.032402691,0.047774763,223.4072731,90.53886518,202.2704097,1.033709056,0.054144731,6746.882495,0
2894,107.1213416,29.58766603,31.69470478,1.025455148,0.011943691,994.0620167,497.164534,4942.123792,1.0373029,0.08957768,212.8717485,54.71140291,1.036167281,0.142926165,694.1404044,1956.382295,1.037209276,0.120631276,523.5753207,241.9517179,1266.799483,1.04928519,0.054940977,2555.047207,0
2895,55.92579339,39.99495553,22.3674962,1.045921484,0.003184984,756.8138688,140.6999052,1064.836396,1.036958583,0.141731796,137.9353988,42.72158203,1.029065958,0.077235866,960.167198,12984.18859,1.036962479,0.041802917,321.596887,323.6647187,1040.89566,1.047524354,0.062107191,4722.513092,0
2896,78.8226982,19.16808929,15.10880517,1.019198268,0.002786861,1178.913361,635.0018206,7486.121307,1.040126036,0.076041497,216.1985369,61.30796897,1.035216778,0.19229342,1419.741744,4160.594554,1.031540909,0.126603121,285.9063163,124.2239633,355.1641573,1.030068342,0.022294889,3920.224384,0
2897,96.01432185,41.28511539,39.63962356,1.027517352,0.006768091,892.3772285,1932.190315,17242.42638,1.027875222,0.035034826,162.5689265,55.91369958,1.034536296,0.202246495,610.1478072,847.0054885,1.036515129,0.138944935,135.9784163,58.88204981,80.06687881,1.034479274,0.024285504,5081.997725,1
2898,190.5732798,64.94853518,123.7745537,1.035991453,0.016323044,507.5425708,3389.987175,17205.62806,1.030592285,0.022294889,170.4537353,36.96850578,1.028373611,0.170396653,313.1287392,370.9327185,1.037664684,0.122621891,173.6102803,89.69336688,155.7169056,1.049624138,0.028266735,4327.090161,1
2899,286.146735,181.3197635,518.8405833,1.032990855,0.014730552,456.9434691,9648.988274,44090.42175,1.032385625,0.008758706,98.91190972,25.85990744,1.017600009,0.036229195,589.7094341,1933.542982,1.029582331,0.03423858,82.24337629,136.7569447,112.4735287,1.066486254,0.004777476,13187.46105,1
2900,712.2560899,2097.096202,14936.69541,1.034420601,0.021896766,314.4802964,9337.660973,29365.1039,1.046159362,0.00398123,148.0784604,45.78941413,1.030334149,0.159647332,269.7834224,208.0028919,1.032407885,0.119436907,131.7560815,323.4000705,426.0992604,1.03993127,0.001194369,5211.450661,1
2901,1039.388106,849.2617486,8827.125608,1.035632862,0.054940977,298.7230198,4545.949928,13579.7989,1.029290557,0.003583107,136.4370907,49.38116439,1.034960437,0.173581638,1235.9391,3418.042308,1.028528791,0.10271574,125.7078722,92.89150962,116.7719402,1.026092574,0.000796246,4274.724254,1
2902,1151.549462,699.8784702,8059.446762,1.042096952,0.077235866,0,0,0,0,0,147.6209571,42.84824893,1.032623267,0.178757237,1029.756638,4492.563874,1.031546909,0.087188942,43.58898944,206.4255769,89.97882292,1.047157242,0.001194369,4436.108938,1
2903,141.3963756,116862.6797,165239.5936,1.104142374,0.000796246,0,0,0,0,0,95.71751976,29.40290239,1.025337835,0.128991859,113.0917027,32.59813698,1.023353287,0.109483831,0,0,0,0,0,9531.874117,1
2904,780.8047665,2965.155966,23152.07912,1.035472193,0.02508175,113.137085,51.60639423,58.3859701,1.011217671,0.000796246,139.4182055,40.19366981,1.029755418,0.173183515,422.4735222,420.1355298,1.034880971,0.172387268,209.730161,120.1929569,252.080882,1.052162181,0.012341814,5924.988613,1
2905,64.32240319,49.31277671,31.71916306,1.038968195,0.003583107,472.8108509,261.0124474,1234.095174,1.041351517,0.074449005,426.5155167,91.92935651,1.037933024,0.093957033,835.8288612,20354.63853,1.033696197,0.029461104,0,20.64255769,0,1.009624609,0.000398123,7813.704543,1
2906,149.3487238,73.79714375,110.2150924,1.037373923,0.00796246,537.9919072,124.2609859,668.5140482,1.036802979,0.091170172,838.3145119,301.2018418,1.040544158,0.045784148,900.4698075,19539.0139,1.034500873,0.03423858,0,0,0,0,0,8645.2559,1
2907,0,0,0,0,0,219.7910797,1430.78728,3144.742811,1.053100468,0.006369968,117.433728,48.7915,1.020873058,0.004379353,359.1928521,62927.64204,1.030773677,0.005175599,0,0,0,0,0,35846.01185,1
2908,0,0,0,0,0,191.691431,628.8040651,1205.363511,1.038412779,0.005175599,0,20.64255769,1.009624609,0.001194369,223.2853262,108195.8967,1.030596968,0.001990615,26.51650429,330.2809231,87.57895516,1.046331868,0.000796246,50382.72626,0
2909,0,0,0,0,0,239.3789523,1492.61571,3573.007849,1.055878178,0.005175599,104.0278776,19.49574893,1.011971921,0.003583107,173.0198311,133570.8344,1.05027907,0.001194369,0,0,0,0,0,46197.16172,0
2910,0,0,0,0,0,54.71012044,18.06223798,9.881872154,1.008094644,0.001592492,64.43359152,24.65638836,1.022167888,0.007166214,0,0,1.01976347,0.000398123,0,0,0,0,0,52261.87143,0
2911,0,0,0,0,0,0,0,0,0,0,61.73949065,25.80319712,1.017481742,0.007166214,0,0,1.016587862,0.000398123,0,0,0,0,0,57511.86104,0
2912,0,0,0,0,0,240.443161,4145.71367,9968.084996,1.039313554,0.002388738,139.1072727,56.61525014,1.040484301,0.027072365,249.7848338,68909.36155,1.047929992,0.003184984,84.62959528,438.654351,371.2314019,1.072467175,0.001592492,21473.97762,0
2913,0,0,0,0,0,228.4195992,2106.573013,4811.825633,1.04760025,0.00398123,101.1499091,27.86745289,1.017447743,0.011943691,244.3405003,93369.38265,1.032235174,0.002388738,0,0,0,0,0,33741.43249,1
2914,0,0,0,0,0,250.2851808,348.5416472,872.3480917,1.033506807,0.005175599,142.9932666,26.835325,1.016120927,0.00398123,0,0,1.045062096,0.000398123,0,0,0,0,0,50253.56813,1
2915,0,0,0,0,0,277.9836428,201.8720716,561.1713383,1.04531345,0.013536183,157.5888898,84.422768,1.04669258,0.015526798,293.7311102,78662.00841,1.030880418,0.003583107,0,0,0,0,0,26105.12262,2
2916,247.2028342,76.04640358,187.988865,1.033559701,0.04220104,725.3822475,3565.428437,25862.98493,1.029936079,0.021498643,415.7819319,113.5641585,1.036150117,0.136556197,176.360282,205.1437131,1.034530941,0.039812302,0,0,0,0,0,7746.366975,1
2917,144.5758268,41.92223136,60.60941261,1.031963826,0.032247965,959.1583562,1610.435458,15446.62626,1.035082964,0.039016056,516.288717,312.4206232,1.039971579,0.091568295,167.2230602,161.0892112,1.038358909,0.058524084,0,3942.728519,0,1.090164806,0.000398123,6559.674761,1
2918,79.0569415,41.28511539,32.63874952,1.045718183,0.003583107,433.233002,9964.379889,43168.98212,1.037591981,0.007564337,369.888388,107.4351298,1.027041665,0.035034826,237.2512299,426.37324,1.040632246,0.113066938,0,990.8427693,0,1.088591815,0.000398123,9400.749137,0
2919,0,0,0,0,0,1067.577458,1051.923173,11230.09467,1.033015029,0.053348485,143.804721,36.75000801,1.027499679,0.052552239,1153.75379,3504.779388,1.03942803,0.130982474,181.5162791,603.2214081,1094.945055,1.036063644,0.003583107,5885.850426,0
2920,70.49209745,26.54043132,18.70890671,1.02868401,0.002786861,1227.791331,310.7775032,3815.699243,1.03279233,0.119038784,154.3206792,56.41393727,1.03817363,0.151286748,1133.406941,9200.025752,1.035358712,0.060514699,193.6639254,117.2789561,227.1270301,1.037350926,0.044987901,4254.232323,0
2921,150.4814803,35.38724176,53.25124525,1.022612541,0.002786861,816.9748272,701.2979574,5729.427775,1.036689516,0.074847128,110.2592548,39.39676111,1.030047409,0.158851086,553.29377,1606.240717,1.045636314,0.10669697,261.3567416,226.2460859,591.309398,1.045652107,0.044987901,2666.252127,0
2922,0,0,0,0,0,466.8787818,168.7415671,787.8185727,1.04210761,0.14491678,255.6547855,72.83396368,1.036276799,0.098336386,1012.526063,13968.92033,1.032017894,0.044191655,226.2672469,216.6268409,490.155589,1.034674846,0.03423858,5205.50747,0
2923,90.74274046,59.86341731,54.3217054,1.045550555,0.001990615,635.5379615,301.7289318,1917.601902,1.040019382,0.115853799,191.3894129,62.27754694,1.037732249,0.187914066,1325.654029,6688.677739,1.033458703,0.09355891,288.3004876,359.7702912,1037.219504,1.038944033,0.016721167,3336.093184,0
2924,101.3793755,61.92767308,62.78188823,1.042139852,0.001194369,787.1981544,670.25121,5276.205155,1.041519295,0.078032112,224.6778119,71.22427623,1.036246799,0.220560154,1185.696637,2837.408633,1.035969219,0.130982474,114.9684407,717.3288798,824.7018277,1.068167,0.000796246,2740.981528,1
2925,125.6790199,65.18702429,81.92641325,1.035695701,0.007564337,244.7887918,37879.09337,92723.77502,1.044937529,0.002388738,98.28692629,28.52686792,1.023922312,0.11465943,231.2338503,147.971001,1.029960262,0.071662144,294.5537764,266.4766539,784.9170472,1.0224869,0.004379353,10117.06101,1
2926,166.2328666,105.5754909,175.5011649,1.044813619,0.033044211,282.275775,28680.25359,80957.40811,1.041031697,0.003184984,194.2629795,37.98230616,1.022461265,0.049765378,148.4399947,81.25898127,1.028850464,0.031451719,226.8536644,433.4937116,983.3963694,1.068941451,0.003583107,13133.7521,1
2927,739.3456151,403.0408294,2979.864699,1.035195079,0.040210425,534.4734097,6429.089003,34361.77121,1.034734121,0.011545568,124.222291,42.5795332,1.03126208,0.120631276,207.5789679,159.524445,1.036517558,0.033044211,136.4891092,527.5320299,720.0237685,1.102100798,0.003583107,8179.050205,1
2928,753.4024424,1817.036566,13689.59787,1.032056826,0.033442334,416.4085643,3176.660267,13227.88541,1.033890939,0.007166214,167.8512204,47.9134596,1.032610136,0.130186228,328.5319189,302.0673696,1.032447185,0.086790819,211.9113293,1131.212162,2397.166729,1.088172685,0.001990615,5394.616587,1
2929,745.8394476,1709.183539,12747.76507,1.028875891,0.040608548,0,0,0,0,0,141.7130915,41.63722724,1.03244679,0.186719697,397.9645833,712.9666547,1.037509989,0.109085708,291.373994,587.5756601,1712.042668,1.044236832,0.005573722,4428.995611,1
2930,1054.868589,1142.49676,12051.83945,1.036435737,0.059718453,0,0,0,0,0,262.7547605,44.21249564,1.02915004,0.136158073,785.2931615,1903.366755,1.034815868,0.094753279,289.6698522,179.431463,519.7588537,1.052294671,0.015526798,5430.060622,1
2931,773.099946,500.8156333,3871.80539,1.044646838,0.096743894,0,0,0,0,0,183.6007936,49.59005156,1.031775166,0.205829602,917.9474495,3594.460749,1.035622803,0.103910109,120.1903906,96.53431392,116.024969,1.056774267,0.006768091,2604.265529,1
2932,809.0719375,618.7511101,5006.141595,1.035051512,0.085994573,0,0,0,0,0,246.7408926,61.90819897,1.034967966,0.211005202,861.861819,3580.554806,1.034839811,0.080818973,68.83496034,54.55533105,37.55314049,1.025667451,0.002786861,2902.259478,1
2933,28.28427125,25.80319712,7.298246263,1.016189289,0.000796246,444.8610116,721.3427105,3208.972479,1.035172283,0.014332429,218.8536766,54.96080986,1.02854882,0.015924921,556.7897579,33273.86981,1.018973867,0.01313806,102.5487304,8583.863574,8802.643113,1.05156974,0.001194369,18048.54843,0
2934,0,0,0,0,0,315.3608761,13383.60228,42206.64541,1.033944049,0.00398123,170.4360947,61.13372855,1.024348565,0.005175599,419.3781051,8787.708981,1.051727001,0.02110052,184.416192,366.0613564,675.0764139,1.053624321,0.005971845,15415.51541,1
2935,0,10.32127885,0,1,0.000398123,305.606049,2172.629197,6639.68625,1.035492357,0.00398123,133.0617427,91.17129648,1.042714101,0.004777476,355.4691265,62134.16447,1.031321201,0.005175599,84.69261778,185.7830192,157.3445024,1.048786025,0.002388738,34655.86135,1
2936,0,0,0,0,0,171.6498306,45.75766955,78.54296228,1.027251955,0.011943691,87.49970484,47.30586138,1.027724469,0.004777476,0,0,1.04017844,0.000398123,0,0,0,0,0,38001.49203,1
2937,300.5800139,90.34858585,271.5697919,1.03763849,0.137352443,966.1415343,465.4176671,4496.593389,1.040710703,0.10271574,1047.159408,388.9705479,1.04207042,0.101521371,135.4398128,77.42282263,1.021373992,0.005175599,0,0,0,0,0,3297.628789,1
2938,270.2685996,62.87133286,169.9214709,1.033561511,0.069671529,880.959101,1645.320493,14494.60062,1.038766586,0.037821687,492.0133825,253.235223,1.040150308,0.124214383,139.435175,132.9096727,1.03235665,0.020304274,0,0,0,0,0,5683.664155,1
2939,406.6330905,194.1929502,789.6527948,1.035962394,0.021498643,738.6049238,2670.673202,19725.72377,1.039148483,0.024285504,602.229336,260.1845373,1.029995627,0.074449005,230.8791245,341.3571167,1.043664259,0.078430235,0,0,0,0,0,6969.015581,1
2940,0,0,0,0,0,488.1092577,8480.220732,41392.74247,1.033968849,0.009554953,251.8275754,55.24113031,1.03478549,0.11983503,404.0584564,497.7162968,1.038049676,0.091170172,159.0215228,281.7709125,448.0763958,1.030896972,0.00398123,8543.132307,0
2941,174.6881764,56.92341667,99.43847852,1.039369242,0.01313806,792.9145422,2795.346354,22164.70775,1.024734611,0.026276119,181.059494,49.0359608,1.032467723,0.207820217,274.2164918,321.2292398,1.038202449,0.096743894,222.9388016,107.4445128,239.5355092,1.043840563,0.039812302,5802.569391,0
2942,106.8136609,45.6200525,48.7284482,1.037886638,0.019906151,903.1320723,405.8727993,3665.567424,1.040905989,0.098336386,213.8241563,50.03576484,1.032246418,0.128195613,560.8987081,1219.148287,1.042366234,0.107891339,591.9513668,640.2782895,3790.136086,1.040654644,0.045784148,2316.329475,0
2943,34.64101615,17.20213141,5.95899312,1.006416406,0.001194369,1314.213624,552.0737374,7255.428271,1.034291129,0.08957768,167.6098059,57.43024836,1.036578489,0.198265265,983.1857065,2837.693596,1.03776792,0.121029399,189.4492313,135.4998659,256.7034543,1.03382605,0.031053596,3591.777852,0
2944,135.6869106,56.22380845,76.28834873,1.031993738,0.015128675,1243.047967,787.7157454,9791.684558,1.033741497,0.077235866,152.8173089,50.81871769,1.03583767,0.151286748,638.0019641,3065.911999,1.037606921,0.050561624,201.8433085,441.2346707,890.6026577,1.041958264,0.014332429,5057.208075,0
2945,154.4614299,88.4681044,136.6490991,1.038674246,0.002786861,498.4191098,8839.143204,44055.97888,1.02724527,0.009953076,121.5330006,35.86730124,1.028415728,0.11983503,296.9915293,342.0676653,1.035832147,0.062505314,161.7580213,233.9489872,378.4312524,1.033582048,0.001194369,9921.38836,1
2946,252.9977257,177.3048259,448.5771771,1.046399212,0.011147445,198.5859498,59275.10442,117712.0291,1.06184822,0.001592492,127.3718591,37.49182487,1.027311265,0.046580394,273.4550002,160.8238497,1.020966596,0.02110052,110.2582737,26.39540164,29.10311418,1.022370739,0.024285504,14540.15138,1
2947,509.8435763,191.8885645,978.3315195,1.030578825,0.028266735,141.4085062,113590.8343,160627.102,1.061281784,0.000796246,187.5088683,41.09573412,1.023941267,0.043395409,269.9343776,392.5078127,1.035404665,0.013536183,110.1228763,135.6510934,149.3828858,1.043623304,0.002786861,15216.22057,1
2948,691.8970134,2830.45894,19583.86087,1.029696507,0.020304274,154.7217069,12282.32183,19003.41798,1.051643631,0.002388738,153.5792227,49.47415399,1.035307194,0.132973089,156.4374248,76.86812498,1.031957392,0.111474446,128.390916,316.519218,406.3819233,1.046761932,0.003583107,5719.287027,1
2949,199.9164729,57664.98492,115281.804,1.073814165,0.001592492,0,0,0,0,0,147.8922257,42.21287079,1.031728778,0.106298847,123.2429116,39.95231743,1.027908184,0.113066938,0,41.28511539,0,1.062712868,0.000398123,9777.66132,1
2950,199.9402737,57603.05724,115171.7103,1.06834852,0.001592492,0,0,0,0,0,93.01031038,34.50545183,1.027450878,0.121825645,155.8799308,53.39538757,1.024689931,0.118640661,0,0,0,0,0,9341.068441,1
2951,1046.40917,400.3983066,4189.804598,1.036477129,0.109881954,0,0,0,0,0,171.0453981,41.76332136,1.031715744,0.206227725,922.6199597,6080.471589,1.027221005,0.067680914,377.066403,225.7363567,851.1759606,1.03708338,0.012341814,3350.320893,1
2952,1196.397608,861.3014491,10304.58994,1.036104058,0.066486545,0,0,0,0,0,343.8229375,80.02754944,1.036314373,0.245641905,441.2446614,773.9378667,1.039330831,0.130584351,58.96563689,108.3734279,63.90308198,1.04157641,0.001592492,4012.379781,1
2953,1027.172273,1280.488736,13152.82525,1.037312398,0.050561624,0,0,0,0,0,139.6940057,49.42044653,1.035781681,0.182340344,1136.323612,3268.427629,1.027168261,0.090373926,113.6007616,314.7990048,357.6140669,1.037621472,0.000796246,5474.417972,1
2954,829.7105218,2560.374538,21243.69694,1.029521443,0.029461104,0,0,0,0,0,286.0247234,48.70638889,1.031345235,0.179951606,541.5038648,793.1860381,1.037972914,0.107891339,0,0,0,0,0,6490.80979,1
2955,1123.828593,1010.934859,11361.17499,1.036483001,0.059718453,0,0,0,0,0,289.2919011,59.60851933,1.033846256,0.196672773,912.6333356,3344.67757,1.035157975,0.076041497,0,92.89150962,0,1.041869718,0.000398123,5071.675706,1
2956,0,0,0,0,0,138.5835475,8745.563609,12119.9123,1.066086165,0.001194369,108.2403637,44.72554167,1.020316203,0.003583107,270.4157263,54683.3751,1.026778554,0.003184984,0,62763.69667,0,1.031694836,0.000398123,35820.0794,0
2957,0,0,0,0,0,399.8137638,9560.371234,38223.68007,1.03229856,0.007166214,60.44815331,15.95106731,1.012623573,0.004379353,384.012449,3273.732329,1.043120114,0.026674242,431.9980009,751.673825,3247.215897,1.033508973,0.011545568,14768.64636,1
2958,1150.393282,620.1024331,7133.616732,1.043772258,0.079624604,816.0134363,229.5472653,1873.136528,1.039725548,0.081217096,812.4337382,171.6824842,1.03313753,0.157656717,155.8209721,105.2929264,1.03255182,0.072060267,0,113.5340673,0,1.026874303,0.000398123,3445.430725,1
2959,534.0389899,179.2329769,957.1739793,1.041414911,0.124214383,852.381564,455.123522,3879.388995,1.038148152,0.091568295,484.7359059,333.7595763,1.049690705,0.107493216,89.11083403,51.73524935,1.025589369,0.003184984,0,0,0,0,0,2329.993609,1
2960,115.1307829,53.17418342,61.21985366,1.033353267,0.031451719,692.2983877,3437.811558,23799.91399,1.037858764,0.019906151,504.4466646,214.4365695,1.034610929,0.13695432,122.5032672,62.20800672,1.023920329,0.009953076,0,51.60639423,0,1.016963949,0.000398123,7583.232339,1
2961,126.190414,49.02607452,61.86620639,1.022549386,0.003184984,373.4984538,15580.70765,58193.70217,1.035049569,0.005573722,237.9984167,46.86927233,1.030239441,0.130982474,284.8617788,273.073235,1.034574723,0.0553391,188.5373243,244.4852927,460.9460292,1.025258223,0.006369968,9679.935878,0
2962,101.3964441,68.37847236,69.3333395,1.04745131,0.003184984,1140.907777,952.0880319,10862.4464,1.034707969,0.061709068,256.4462322,65.21092253,1.038494855,0.235290706,583.8780601,867.3036442,1.039194253,0.136158073,286.095852,110.6208031,316.4815292,1.034956335,0.049367255,3901.646099,0
2963,437.1362448,160.8988401,703.3471475,1.040726315,0.058125961,1127.184857,780.0648458,8792.772817,1.040206371,0.066088422,159.8538624,60.03675176,1.039300463,0.208616463,400.7639353,817.8031577,1.041772896,0.109483831,191.0409427,89.24870532,170.501568,1.031606163,0.04737664,3263.282506,0
2964,93.15686068,29.2436234,27.24244151,1.012212959,0.002388738,927.4658261,1998.850274,18538.65321,1.031389193,0.036627318,218.9562063,53.97700598,1.032121592,0.22533763,296.1878746,241.4772694,1.036675212,0.169600407,72.42693997,114.1791472,82.69646244,1.048482596,0.006369968,5349.592034,0
2965,97.41558355,72.24895193,70.38173813,1.033516131,0.001990615,467.566383,10157.07668,47491.07606,1.031805051,0.008758706,147.6035181,63.99192885,1.04236213,0.077633989,287.8470095,272.8251988,1.038516393,0.056533469,175.0446278,356.0841202,623.3061228,1.064961383,0.001592492,11611.05383,1
2966,114.2106138,41.69796654,47.62350353,1.033337688,0.009953076,0,246895.3113,0,1.074058895,0.000398123,100.9922284,30.96383654,1.021427796,0.015924921,182.2232484,205.3181514,1.030021001,0.004777476,168.4917291,65.02405673,109.5601575,1.013400315,0.00398123,26314.0397,1
2967,107.733,50.31623438,54.2071888,1.034749258,0.006369968,0,245842.5408,0,1.056245543,0.000398123,77.70404944,18.92234455,1.011023374,0.007166214,139.7181349,157.5976314,1.025614014,0.005573722,215.5071058,290.1426165,625.2779555,1.041935444,0.003583107,32269.49707,1
2968,827.7740601,1657.855415,13723.29708,1.036564328,0.028664858,180.4130612,18295.49888,33007.4696,1.067239189,0.001990615,164.5083071,44.15213729,1.032904228,0.171989145,464.333003,578.854419,1.034690554,0.066088422,72.82720407,94.61172276,68.90307241,1.041675612,0.002388738,5364.542647,1
2969,742.8271948,3291.013484,24446.54314,1.023105456,0.022294889,0,3003.492144,0,1.063623269,0.000398123,222.2548564,69.23682361,1.038973242,0.195080281,291.5122019,229.8262376,1.034074794,0.150888625,0,72.24895193,0,1.061278762,0.000398123,6010.572152,1
2970,330.9529183,19295.16165,63857.90059,1.04853115,0.004379353,0,0,0,0,0,143.5660842,42.52204664,1.033780436,0.202644618,155.2138775,58.33390359,1.025745944,0.18313659,0,0,0,0,0,6765.765644,1
2971,244.7859194,37211.65067,91088.88122,1.05012642,0.002388738,0,0,0,0,0,141.4643841,33.02366258,1.026234098,0.185525328,266.0274288,109.7337259,1.023873549,0.113863184,70.97208632,25.80319712,18.31306733,1.026340871,0.011147445,7958.440153,1
2972,1006.955137,1247.899501,12565.78813,1.038081275,0.050561624,0,0,0,0,0,108.5945363,31.38607067,1.028375079,0.17517413,1017.814507,2365.289386,1.032265956,0.128195613,414.4252976,73.75022885,305.6396054,1.03421172,0.021896766,4813.131217,1
2973,873.1143185,639.1547493,5580.551634,1.03411001,0.075245251,0,0,0,0,0,220.8348083,62.9580245,1.037909543,0.231309476,764.9354752,2339.696944,1.034733385,0.112270692,277.9785257,314.3689515,873.8781767,1.053971654,0.009554953,2636.321348,1
2974,823.7133763,2385.505573,19649.7285,1.031818508,0.028664858,0,0,0,0,0,293.5183539,83.43033734,1.040665315,0.214986432,429.354141,516.4261315,1.031311327,0.111474446,146.0773108,69.15256827,101.0162121,1.021556218,0.00398123,5561.521572,1
2975,770.8176875,2770.707609,21357.10432,1.033762121,0.025877996,0,0,0,0,0,150.6898844,41.54604659,1.031174849,0.283463592,610.4310055,864.2783098,1.034664565,0.114261307,80.56923803,66.69134024,53.73270466,1.029773492,0.005175599,5267.55942,1
2976,398.6145173,12911.91984,51468.78693,1.055001695,0.006369968,0,0,0,0,0,147.402255,36.64053991,1.029595119,0.246836274,380.5938317,344.7916499,1.030934305,0.094753279,155.6824879,77.40959135,120.5131777,1.025451854,0.001592492,6950.222064,1
2977,680.1750624,4051.650951,27558.31939,1.02716992,0.018711782,0,0,0,0,0,254.2979691,48.71369751,1.030864605,0.240068182,692.8787817,862.2875588,1.034602709,0.096743894,120.3884896,87.33389793,105.1399606,1.027969466,0.005175599,6292.301282,1
2978,638.3669001,408.4785924,2607.592128,1.038276752,0.080818973,249.0036409,111.3750243,277.3278655,1.03593075,0.078032112,941.727533,1523.248736,1.034849557,0.03821981,62.79133392,17.59092924,1.038504318,0.002786861,0,0,0,0,0,6485.126386,1
2979,778.9993386,2878.653819,22424.69421,1.03237333,0.02508175,86.17809365,24.51303726,21.12486821,1.014877965,0.015924921,746.1834012,77.07320627,1.031061924,0.250419381,228.0120803,146.012936,1.031274899,0.126603121,0,0,0,0,0,5510.997004,1
2980,346.1172163,17752.59962,61444.80362,1.025333133,0.004777476,90.6274425,129.0159856,116.9238881,1.050166301,0.001592492,112.5857777,31.4521189,1.027131346,0.244049412,171.7945846,99.76717041,1.030422636,0.125806875,0,0,0,0,0,6923.52904,1
2981,904.3800503,933.4564589,8441.993992,1.03634123,0.059718453,522.8573594,165.5496752,865.5886605,1.040742419,0.090373926,495.5085571,208.4058223,1.042130327,0.13695432,86.96336571,29.86470653,1.026428801,0.021896766,0,0,0,0,0,3805.700641,1
2982,773.2835969,368.94045,2852.955982,1.041117059,0.045386024,930.6323999,1423.787477,13250.22756,1.034708123,0.037423564,504.6703664,171.2520787,1.03674189,0.16203607,224.8735677,367.9440376,1.032303081,0.013536183,0,20.64255769,0,1.009624609,0.000398123,5218.965475,1
2983,69.2820323,25.80319712,17.87697936,1.031395823,0.001592492,345.8828998,18493.15137,63964.64824,1.035067042,0.004777476,509.3701107,59.68264915,1.025406344,0.14093555,219.1449288,139.6848858,1.03026493,0.029461104,191.5548434,473.3043585,906.6374227,1.047446746,0.002786861,10436.30642,0
2984,148.3377838,42.31724327,62.77246082,1.019895483,0.00398123,411.1932844,12854.2421,52855.78028,1.036237279,0.006768091,149.3541663,45.65490357,1.031799603,0.153277363,164.4136471,100.8014027,1.033959167,0.066486545,119.5555395,98.16682992,117.3638831,1.047725181,0.017915536,8723.83139,0
2985,83.77051987,29.48936813,24.70339699,1.021666104,0.008360583,751.7768278,3418.300782,25697.99319,1.032520055,0.023091135,235.0176697,61.28259315,1.034167641,0.165619177,240.3661187,170.6117322,1.033159182,0.097142017,518.5345333,133.5951445,692.7369591,1.035835283,0.028266735,6880.153746,0
2986,86.92269874,30.96383654,26.91460235,1.019642825,0.008360583,282.4608931,29489.18382,83295.41201,1.040102672,0.003184984,405.5967546,43.09915834,1.023322721,0.065690299,189.0548956,114.884839,1.025901988,0.035432949,253.4286074,161.1707389,408.4527591,1.0290582,0.005175599,13693.96917,0
2987,96.49230048,27.70448533,26.73269523,1.02068316,0.015128675,0,247607.4795,0,1.067670586,0.000398123,81.58059627,25.59677154,1.012019556,0.009953076,121.7725645,92.86714611,1.021858375,0.007166214,67.84426323,63.21783294,42.88967298,1.036132004,0.003184984,26095.9411,1
2988,155.9506038,47.9366062,74.75742679,1.027965847,0.017915536,0,243344.7914,0,1.097105166,0.000398123,198.1603922,51.01660687,1.024945098,0.013934306,221.4415621,159.0749837,1.019786522,0.009953076,181.8104634,130.9512254,238.0830297,1.040775888,0.006369968,22025.94251,1
2989,188.6121284,94.05995628,177.4084855,1.042958039,0.02110052,141.3969016,119375.9111,168793.8396,1.057309507,0.000796246,75.18272937,36.12447596,1.029765706,0.013536183,227.1798289,282.3938358,1.022343183,0.00915683,246.5250238,167.7207813,413.4736959,1.03089478,0.00796246,20771.88197,1
2990,747.6240415,2756.315311,20606.87593,1.033285708,0.023091135,417.5158313,1918.283397,8009.136871,1.04010298,0.011147445,152.6446365,52.65158703,1.03482027,0.157258594,184.0998973,110.1932276,1.03249185,0.099132632,176.9353555,126.6076872,224.0137615,1.043678737,0.005971845,5957.296173,1
2991,345.8119804,19016.09617,65759.93876,1.038909465,0.004777476,0,0,0,0,0,149.9220354,40.24941612,1.029406448,0.115057553,129.6388174,49.55697717,1.026943168,0.118242538,0,0,0,0,0,9315.301699,1
2992,244.7993949,37184.12726,91026.51853,1.04971619,0.002388738,0,0,0,0,0,126.0784758,41.56853723,1.032095793,0.173979761,140.5017155,46.20268875,1.023556083,0.11983503,0,10.32127885,0,1,0.000398123,8168.530986,1
2993,223.55613,45549.86781,101829.5217,1.042848873,0.001990615,0,0,0,0,0,116.0995578,35.12241006,1.026334767,0.164026685,194.3834451,66.81648046,1.023455624,0.089179557,73.579162,23.75841546,17.481243,1.024253203,0.02110052,8642.536096,1
2994,122.6296819,44.72554167,54.84678948,1.017120758,0.005971845,1243.846374,707.1210216,8795.499189,1.028265519,0.07245839,518.2550352,300.9533869,1.046381025,0.130584351,267.6849075,388.0309244,1.038023838,0.062505314,55.43605145,85.15055048,47.20410298,1.031671411,0.001592492,4656.591169,1
2995,400.2307089,197.6857844,791.1992161,1.033392613,0.049367255,250.8263663,166.8255683,418.4425111,1.045704567,0.117048168,857.245621,2335.460952,1.024004911,0.03025735,0,0,1.020505578,0.000398123,0,0,0,0,0,7856.295662,1
2996,688.4125532,3802.864659,26179.39769,1.036175743,0.019508028,148.7972197,55.40897065,82.44700778,1.037819148,0.03025735,826.2630425,134.4983915,1.030098784,0.1660173,138.1819067,54.56818747,1.025691812,0.045784148,0,0,0,0,0,7202.693661,1
2997,141.3687074,110896.9806,156773.628,1.133671418,0.000796246,0,51.60639423,0,1.016963949,0.000398123,120.545494,27.17867817,1.02300648,0.198663388,164.5644683,85.09285543,1.029016101,0.121427522,0,0,0,0,0,7805.00525,1
2998,892.5569382,2035.754965,18170.27219,1.036679611,0.035034826,461.1829753,293.5371704,1353.743456,1.037478841,0.029859227,582.7731307,98.86551069,1.026420298,0.146509272,202.1129991,131.2233984,1.034797512,0.083605835,0,0,0,0,0,6289.776985,1
2999,1055.577452,786.4814481,8301.920833,1.033993133,0.055737223,658.0514738,1253.580029,8249.201858,1.036235569,0.027072365,450.2920346,125.7761797,1.034949405,0.160443578,161.7893901,72.94710159,1.029276893,0.045386024,0,0,0,0,0,4456.982617,1
3000,113.9566194,41.28511539,47.04712182,1.030331928,0.014730552,615.9069207,4505.496249,27749.66321,1.025331963,0.015924921,510.7710896,206.2653086,1.034656606,0.128195613,183.7282119,166.8752894,1.024464517,0.011943691,68.66065623,48.16596795,33.07106968,1.035981595,0.002388738,8461.060756,1
3001,190.8331176,47.59256357,90.82237282,1.027482732,0.06449593,386.4391737,14288.77844,55217.43732,1.034812308,0.005971845,332.8371389,106.5009835,1.034257516,0.089975803,118.9293292,62.1423277,1.025810944,0.025479873,218.6353747,156.6957789,342.5924033,1.033888565,0.004379353,9782.804433,0
3002,133.0856351,36.7582387,48.91993541,1.024813789,0.022693012,686.9969557,4205.92113,28894.55012,1.027193722,0.019109905,336.6517832,65.11266168,1.033446178,0.171591022,183.3163757,116.3903226,1.034930538,0.078828358,194.7855366,193.0686278,376.0697628,1.059283031,0.013536183,7225.112582,0
3003,68.83889934,31.18343822,21.46633565,1.021476193,0.018711782,0,247318.4837,0,1.072349166,0.000398123,56.98962261,21.58085577,1.023982737,0.008758706,87.83352693,79.77678047,1.021271229,0.005971845,169.6765259,92.89150962,157.6150864,1.032978802,0.002388738,25921.59054,0
3004,234.5410856,86.46334472,202.7920673,1.037369458,0.045386024,359.7617051,17195.25056,61861.92661,1.031929868,0.005175599,213.1079588,89.38853013,1.036378804,0.065690299,246.9164022,248.7814634,1.023654077,0.008360583,141.9804197,183.7187635,260.8446715,1.027294153,0.001990615,12506.50737,1
3005,432.287371,82.95250036,358.593183,1.033134538,0.042997286,244.8302398,38326.34878,93834.49164,1.031606189,0.002388738,283.835106,48.12975294,1.025985345,0.037821687,207.9758027,293.596236,1.028566742,0.012341814,169.181318,122.7085374,207.5999209,1.039617811,0.010749322,14065.22477,1
3006,1037.988956,505.5779622,5247.843411,1.032713218,0.074847128,654.0070667,2671.015204,17468.62819,1.032301808,0.018711782,242.3466863,74.58710571,1.035365578,0.123020014,109.8671231,37.3112451,1.024574417,0.086392696,32.39747381,25.06596291,8.120738769,1.015752156,0.002786861,5042.26559,1
3007,299.6031993,25360.52893,75980.95604,1.041321152,0.003583107,139.4010511,722.4895193,1007.157984,1.036459443,0.000796246,168.4341271,37.34033342,1.026249599,0.076041497,146.5945865,53.09059332,1.026398242,0.157258594,84.85281374,25.80319712,21.89473879,1.017256691,0.000796246,9313.620876,1
3008,173.1699116,76246.72727,132036.3902,1.077613986,0.001194369,0,0,0,0,0,101.4303652,30.20211854,1.026897662,0.107891339,101.8466317,29.50589262,1.023522476,0.195876527,0,0,0,0,0,8262.592611,1
3009,282.6348586,28089.36038,79390.324,1.042226722,0.003184984,0,0,0,0,0,127.3084852,32.56197004,1.026016148,0.123418137,274.9947696,119.0883637,1.023533067,0.150490502,0,0,0,0,0,8511.36606,1
3010,0,229834.2374,0,1.216414836,0.000398123,0,0,0,0,0,102.6598439,33.4116704,1.02675805,0.162832316,107.7162597,28.6213338,1.020785957,0.115057553,0,0,0,0,0,8692.032275,1
3011,0,30.96383654,0,1.022753969,0.000398123,781.5330146,461.1635229,3604.145183,1.037038256,0.09355891,348.2301284,145.1429838,1.043080425,0.140139304,815.8729722,3521.778628,1.039081397,0.082809589,150.5233663,57.54894872,86.62461486,1.023978099,0.01313806,2627.680467,1
3012,0,0,0,0,0,1152.459217,654.9964507,7548.566966,1.033232224,0.081217096,480.8692396,138.4850487,1.038646103,0.173581638,584.6584818,1102.745434,1.038938766,0.119038784,90.91160913,65.36809936,59.42719099,1.026710401,0.004777476,3578.101863,1
3013,344.8099314,151.1763784,521.2711667,1.036682691,0.040608548,1101.917625,374.1217837,4122.513873,1.036216135,0.083605835,1055.094121,1154.071883,1.040022965,0.053746608,118.6567915,44.02263451,1.019187615,0.014730552,0,20.64255769,0,1.009624609,0.000398123,6972.338152,1
3014,864.5271029,496.8224632,4295.164848,1.037130872,0.087985188,783.931201,176.1878605,1381.191611,1.037199322,0.079226481,1115.334441,668.5012914,1.031212576,0.062107191,205.095538,126.3694251,1.027100198,0.01313806,0,0,0,0,0,4638.346642,1
3015,1056.034736,1196.007732,12630.25709,1.033259822,0.052154116,240.3372741,72.89771803,175.2003884,1.036598661,0.069671529,1039.10654,228.0064327,1.023867762,0.113863184,257.1089352,140.3041653,1.029538846,0.120631276,0,0,0,0,0,5014.821246,1
3016,487.0135211,8077.260804,39337.35225,1.041546315,0.009554953,0,0,0,0,0,102.446336,26.67541786,1.021526984,0.169600407,992.9165349,1155.318836,1.03139022,0.157258594,0,0,0,0,0,6675.789154,1
3017,315.8274207,21739.70963,68659.96421,1.048288536,0.00398123,171.2405827,350.9234808,600.9234135,1.059554647,0.00398123,317.1747559,34.33007573,1.025158984,0.147703641,205.4215835,112.219397,1.030783128,0.12779749,0,0,0,0,0,8137.319064,1
3018,780.6196863,1329.471786,10378.11848,1.031875708,0.027072365,821.870988,540.9521325,4445.928635,1.037968935,0.056135346,699.8369085,270.7103587,1.033533287,0.115057553,151.3566875,80.36034814,1.032653186,0.046978517,0,0,0,0,0,4248.105929,1
3019,290.7586599,123.8553462,360.1201447,1.030074366,0.02110052,990.4119911,1206.412637,11948.45542,1.035981065,0.045386024,1032.943731,478.2505298,1.043691384,0.087587065,105.9587801,67.23799971,1.027966892,0.010749322,0,154.8191827,0,1.049215306,0.000398123,7214.626619,1
3020,214.3503548,72.39432205,155.1774862,1.033975384,0.028266735,1033.963496,1161.903964,12013.66285,1.032435862,0.05135787,993.0575569,267.0396327,1.034228788,0.131380597,147.9646715,156.3354796,1.028589587,0.015128675,232.7454749,133.8325824,311.4892794,1.052607899,0.011943691,5914.884525,0
3021,343.5421378,104.1510865,357.8028692,1.033474957,0.030655473,609.3519148,4859.734448,29612.88491,1.033468825,0.015526798,933.9221024,133.2383269,1.032312778,0.14889801,106.4983932,121.3347265,1.035715972,0.010351199,152.2795009,64.30950666,97.93019575,1.029807873,0.005175599,8109.162789,0
3022,386.6418244,213.7057647,826.2758675,1.042074028,0.044589778,678.8679493,3759.835458,25524.31787,1.026933303,0.019906151,387.8329446,124.0486285,1.036739525,0.106298847,121.1686115,115.68189,1.029995947,0.014332429,208.263433,192.4181271,400.7365971,1.046810379,0.005573722,8264.473991,1
3023,772.5522467,254.3501115,1964.9875,1.034116213,0.068079037,650.7125417,2862.747433,18628.25658,1.036532349,0.021896766,371.8327531,126.744006,1.038033631,0.126603121,186.0422515,108.8109908,1.02904463,0.048969132,128.5019053,182.342593,234.3137061,1.045993956,0.005971845,5397.964048,1
3024,696.234376,3417.122263,23791.17986,1.035249528,0.02110052,297.0820913,937.6236752,2785.512023,1.044629897,0.012739937,286.1113607,75.30353601,1.03467469,0.12779749,208.6588012,106.994869,1.029907593,0.099928879,153.3218854,274.9213366,421.5145767,1.056381719,0.004379353,6734.295419,1
3025,0,224529.1,0,1.232530097,0.000398123,0,0,0,0,0,105.8096824,38.92495947,1.029925519,0.116650045,158.9176016,58.51748703,1.028661974,0.164822931,0,0,0,0,0,8437.063818,1
3026,299.6138342,25052.03738,75059.36974,1.030078662,0.003583107,0,0,0,0,0,130.4857331,34.38147854,1.024313509,0.120233153,326.7944152,138.3649277,1.026886476,0.144120534,0,0,0,0,0,8680.376974,1
3027,398.8220961,157.7163838,629.0077876,1.035109382,0.045386024,786.9168673,282.1285001,2220.116755,1.042833577,0.101123248,951.2147972,1499.959697,1.033421408,0.041404794,189.3043971,869.4692438,1.035735441,0.004777476,0,30.96383654,0,1.022753969,0.000398123,6802.613314,1
3028,935.5102517,408.8881312,3825.190385,1.036310584,0.094355156,1008.529783,212.6726668,2144.867184,1.033108138,0.090772049,903.2122343,442.0947773,1.028514021,0.085994573,217.5727193,196.3940192,1.033512725,0.045386024,0,0,0,0,0,3162.998247,1
3029,648.555764,4796.274277,31106.51328,1.028229359,0.01711929,264.7836008,108.3734279,286.9550647,1.034028768,0.018313659,751.2023216,62.3167235,1.024783678,0.179553483,139.1566274,63.17405973,1.029519767,0.103910109,0,0,0,0,0,7215.99272,1
3030,385.5607692,13306.88077,51306.11188,1.033347441,0.005971845,0,0,0,0,0,96.6879353,25.00154439,1.02024473,0.164026685,311.9790848,545.6301903,1.039907772,0.093957033,0,0,0,0,0,7723.610669,1
3031,282.6927213,27804.23505,78600.5487,1.036266795,0.003184984,0,0,0,0,0,111.2987312,25.71572865,1.022374786,0.14093555,253.2000493,176.1415631,1.031725291,0.110280077,78.56742013,185.7830192,145.9649253,1.080147094,0.000796246,8780.573329,1
3032,1225.645995,531.470339,6513.944925,1.033865812,0.081615219,644.1403443,242.4277629,1561.575026,1.03965219,0.084003958,797.6233834,465.7711654,1.032664983,0.065690299,147.708852,130.3485333,1.039369626,0.063699684,40,25.80319712,10.32127885,1.015846802,0.001592492,3924.18032,2
3033,162.8898554,51.45999311,83.82310838,1.027135882,0.056135346,1093.035881,1133.746946,12392.26092,1.032298929,0.054144731,629.12325,314.0148794,1.037951949,0.112668815,27.32266052,67.68115153,1.047780465,0.001194369,0,123.8553462,0,1.037296399,0.000398123,6240.402384,2
3034,565.7224092,231.9310449,1312.085895,1.034393283,0.041404794,963.0410001,712.4169459,6860.867281,1.037211994,0.066088422,1090.820199,363.5383772,1.037888155,0.111076323,160.1171495,118.5160145,1.020332597,0.013934306,159.0157066,80.99579841,128.7960411,1.047887263,0.023489258,4385.342678,1
3035,205.8503971,41.13553164,84.67765523,1.02537455,0.027470489,1100.463371,1139.172057,12536.17121,1.028539747,0.052552239,1000.224125,372.0095309,1.033666954,0.101919494,219.3697479,218.4930167,1.0326275,0.00796246,75.77722283,82.57023077,62.56942776,1.031785655,0.003583107,7063.285268,1
3036,619.5410137,144.8573514,897.4507031,1.036052926,0.080022727,1149.841363,878.1972889,10097.87568,1.028826587,0.060116576,1117.366661,343.3950186,1.040658574,0.101521371,62.6533936,63.37298832,1.032955231,0.001990615,115.2332811,153.6723739,177.0817186,1.055730183,0.003583107,5571.430919,1
3037,696.6853063,172.694441,1203.136795,1.034194618,0.109881954,255.2808262,171.6967456,438.3088708,1.043615934,0.126603121,996.2103332,1429.100148,1.02522253,0.041404794,139.7754989,52.89760299,1.014449592,0.002388738,94.28090416,30.96383654,29.19298505,1.022342531,0.000796246,5519.337624,1
3038,1000.665797,662.36807,6628.090725,1.033143121,0.079624604,249.7697715,103.091836,257.4922432,1.040800604,0.101919494,1310.714349,296.7988364,1.032044868,0.115853799,180.4294021,105.1630403,1.031488175,0.040608548,0,0,0,0,0,3944.077223,1
3039,410.4145575,13324.16386,54684.30814,1.044138114,0.006768091,105.8025442,43.22035517,45.72823539,1.033375732,0.006369968,561.5686019,36.32972867,1.020321793,0.140139304,124.8377587,65.88292854,1.030096055,0.084402081,0,0,0,0,0,9230.003404,1
3040,199.9639347,57236.65184,114452.6611,1.051703246,0.001592492,0,0,0,0,0,111.5222705,29.60014426,1.024903766,0.153675486,147.2805736,85.56826292,1.028721144,0.074050882,0,0,0,0,0,9536.709835,2
3041,330.6615571,20170.59376,66696.39941,1.038604306,0.004379353,103.0124762,151.3787564,155.9390054,1.07116283,0.002388738,317.9851286,32.80587781,1.021866085,0.140537427,585.9095796,380.3517602,1.030722719,0.103113863,0,0,0,0,0,8824.370957,2
3042,768.5196481,536.1416539,4120.353952,1.036043945,0.080022727,708.1979637,170.6426139,1208.487517,1.036148845,0.108289462,1028.187597,386.2850796,1.034190814,0.091568295,181.4961091,111.1286895,1.038781775,0.052950362,0,10.32127885,0,1,0.000398123,2981.284098,2
3043,208.1765105,68.00575951,141.5720171,1.030495829,0.071662144,1058.929537,1025.841993,10862.94386,1.028116002,0.052950362,760.7650353,402.909024,1.042233886,0.09754014,163.375853,571.6379824,1.045706361,0.00398123,60.60915267,144.4979039,87.57895516,1.056486254,0.000796246,5616.106223,2
3044,942.7142839,423.9426774,3996.568176,1.032450498,0.053348485,917.8333127,579.1384242,5315.525384,1.038827474,0.068079037,953.363379,420.4044534,1.040783002,0.087587065,82.13910277,109.1517502,1.032535818,0.003184984,93.93786099,54.10852244,50.82838859,1.049542881,0.01313806,4301.661043,1
3045,948.8830765,269.9456759,2561.468834,1.033627506,0.069671529,1162.780316,451.17368,5246.158743,1.036548248,0.085994573,1076.60402,442.3528092,1.03421293,0.095549525,0,0,1.037296399,0.000398123,0,196.1042981,0,1.032097289,0.000398123,4444.377276,1
3046,1015.789088,1217.744432,12369.71505,1.028998015,0.049367255,590.2352034,271.6853164,1603.58238,1.038818472,0.050561624,890.8202343,312.2432596,1.038201713,0.083605835,0,0,1.033942306,0.000398123,0,0,0,0,0,6723.289079,1
3047,1016.015825,903.0736721,9175.371425,1.037151266,0.053746608,365.4709544,222.8730342,814.536205,1.04361366,0.061709068,1057.310061,272.6449158,1.026598597,0.115853799,270.7369347,150.3098766,1.029188147,0.110280077,0,0,0,0,0,4022.423906,1
3048,554.1465337,6700.174694,37128.78582,1.026538215,0.012341814,268.1738656,118.6947067,318.3081833,1.037152263,0.00796246,571.3642161,55.41424468,1.021336614,0.164026685,260.0038673,187.0048494,1.030467457,0.101123248,0,0,0,0,0,7723.839147,2
3049,223.5304609,45349.635,101370.2481,1.046091379,0.001990615,0,0,0,0,0,108.3452099,31.68094773,1.025651638,0.160443578,217.1476897,151.6528921,1.028078383,0.066486545,0,0,0,0,0,9452.102178,2
3050,173.1697857,75974.93359,131565.6297,1.074968103,0.001194369,0,0,0,0,0,94.7462963,25.19307226,1.021398198,0.161637947,188.0912767,97.60853603,1.026037627,0.099928879,0,0,0,0,0,8869.613238,2
3051,141.4088255,116485.9531,164721.4182,1.101348051,0.000796246,0,0,0,0,0,90.89726438,24.27518656,1.018862839,0.142528042,142.0174075,54.27585402,1.028209591,0.099132632,0,0,0,0,0,9438.946991,2
3052,679.3925851,3313.328996,22510.51152,1.051286406,0.020702397,425.3742229,181.5899997,772.4370502,1.033719495,0.03821981,603.5635775,111.4884084,1.030883556,0.132574966,458.8743377,367.2089696,1.032585811,0.121029399,0,0,0,0,0,5823.782779,2
3053,465.7741172,374.0190778,1742.084058,1.043474942,0.088781434,523.4689497,168.2097631,880.5258803,1.033995002,0.136556197,800.8252735,464.4139984,1.038528252,0.094355156,0,0,1,0.000398123,0,0,0,0,0,2291.574878,2
3054,499.9924149,403.434317,2017.140984,1.036324055,0.077235866,623.8970636,322.7745385,2013.780868,1.038824442,0.083207712,569.5943029,398.0837857,1.045330409,0.103511986,170.0952254,195.1814398,1.049810743,0.006768091,0,0,0,0,0,2088.970529,2
3055,583.8596051,737.1522884,4303.93444,1.03512264,0.050163501,738.4397757,376.872048,2782.973106,1.043378297,0.056533469,1205.20312,504.4261738,1.032343059,0.078032112,254.0448849,203.0331107,1.036519634,0.029461104,0,0,0,0,0,4451.093407,1
3056,244.7076573,37710.51248,92280.51163,1.041668993,0.002388738,0,30.96383654,0,1.058052667,0.000398123,159.8782052,31.42002566,1.022798141,0.144120534,152.2999526,112.4402587,1.033045378,0.072856513,0,0,0,0,0,9620.874313,2
3057,141.4087614,115892.4795,163882.1198,1.093360438,0.000796246,0,0,0,0,0,111.2541976,27.67349597,1.022584228,0.118640661,246.6093123,200.6532377,1.029725277,0.054542854,0,0,0,0,0,11085.77926,2
3058,0,238731.1797,0,1.157732102,0.000398123,0,0,0,0,0,113.210163,27.55781452,1.021462793,0.079624604,139.2259119,97.5411027,1.036517245,0.039414179,0,0,0,0,0,13780.89872,2
3059,0,237688.7306,0,1.165424558,0.000398123,0,0,0,0,0,110.2041211,25.15811719,1.019780543,0.089179557,238.0893586,116.8794531,1.024882531,0.063699684,0,0,0,0,0,12112.20669,2
3060,0,233529.2552,0,1.185642532,0.000398123,0,0,0,0,0,69.99148555,20.17810015,1.0157808,0.079624604,305.5715759,146.9957659,1.025830769,0.112668815,0,0,0,0,0,10613.91229,2
3061,244.7547842,36449.59625,89212.13065,1.041364803,0.002388738,105.2708725,39.40851923,41.48569203,1.027181997,0.008758706,197.3554012,33.35247536,1.022171775,0.139343058,249.3776884,131.5547182,1.026647692,0.150490502,0,0,0,0,0,7947.806114,2
3062,604.6768622,4268.880931,25812.93526,1.040105599,0.015924921,336.5832829,148.0612025,498.3492561,1.036460432,0.033442334,560.9193717,115.1823324,1.032593862,0.104706355,589.7658558,796.7823453,1.035421342,0.111076323,0,0,0,0,0,6364.503569,2
3063,374.6143452,670.473008,2511.688069,1.048930748,0.060116576,304.5368691,155.9762767,475.0052697,1.040469229,0.088781434,1055.680117,561.2809735,1.038787305,0.075245251,206.6754283,382.6618376,1.045035845,0.019508028,0,0,0,0,0,3535.056731,2
3064,173.1579501,75861.39952,131360.0443,1.073491758,0.001194369,0,0,0,0,0,386.7148201,65.53192918,1.033103438,0.100327002,180.0142119,113.8010837,1.032516716,0.044589778,0,0,0,0,0,11876.29271,2
3065,141.4093373,121445.3275,171735.0328,1.062450807,0.000796246,0,0,0,0,0,184.2032285,28.46675295,1.018050037,0.049367255,98.25503478,70.21996193,1.040047768,0.026276119,70.71067812,20.64255769,14.59649253,1.011376984,0.000796246,17434.81482,2
3066,0,244242.7426,0,1.112423244,0.000398123,0,0,0,0,0,118.5694733,26.90904842,1.017471061,0.044589778,189.2778422,114.2098412,1.025352156,0.025877996,0,0,0,0,0,18303.98381,2
3067,0,242900.9764,0,1.138004979,0.000398123,0,0,0,0,0,88.80839446,24.75428666,1.020831204,0.048969132,130.2906948,44.85504355,1.022811141,0.060514699,0,0,0,0,0,14619.15469,2
3068,0,236966.241,0,1.175621749,0.000398123,0,0,0,0,0,101.8534287,24.14717103,1.017611555,0.10669697,169.3328101,72.0218881,1.025841416,0.07245839,0,0,0,0,0,11156.93054,2
3069,199.8062419,56818.64005,113527.1894,1.073364284,0.001592492,78.56742013,46.44575481,36.49123131,1.035451686,0.000796246,96.21383863,27.31093738,1.023176506,0.167609792,259.5865284,181.6115385,1.032003616,0.070069652,0,0,0,0,0,9247.547459,2
3070,0,240950.2547,0,1.123339608,0.000398123,0,0,0,0,0,240.5295478,26.95413109,1.016335233,0.0553391,260.3311566,237.6626604,1.024821297,0.028266735,0,0,0,0,0,16585.02534,2
3071,173.1724253,82116.0945,142202.4324,1.02996767,0.001194369,0,0,0,0,0,181.5483444,62.63948541,1.028044825,0.023091135,124.087946,61.90273743,1.031180967,0.009554953,0,0,0,0,0,26710.77263,2
3072,0,248319.6478,0,1.070773105,0.000398123,0,0,0,0,0,58.57898062,17.3932662,1.010871302,0.021498643,113.9252777,43.74178959,1.02449488,0.019906151,0,0,0,0,0,24230.85542,2
3073,0,247215.2709,0,1.090988188,0.000398123,0,0,0,0,0,76.30457222,20.97912113,1.017367711,0.036627318,181.1070073,61.37390282,1.020619781,0.023887381,0,0,0,0,0,19984.10348,2
3074,173.1827298,79983.03021,138516.7951,1.051185568,0.001194369,0,0,0,0,0,89.49003958,27.24514048,1.020356509,0.054144731,199.0074627,76.39665279,1.021983605,0.078032112,0,0,0,0,0,13106.99156,2
3075,173.1825231,79250.21941,137247.5296,1.057152636,0.001194369,0,0,0,0,0,77.57749495,25.36861695,1.022227193,0.075643374,163.183977,67.53264198,1.026908387,0.082809589,0,0,0,0,0,11870.1014,2
3076,0,247875.8328,0,1.079585762,0.000398123,0,0,0,0,0,77.48966068,20.51968533,1.013164556,0.033442334,120.8024167,51.55832986,1.028241423,0.014730552,0,0,0,0,0,22439.176,2
3077,0,248464.1457,0,1.068641499,0.000398123,0,0,0,0,0,134.9083097,23.11384981,1.012418647,0.028266735,133.535838,47.7797015,1.017391921,0.011943691,0,0,0,0,0,24598.9829,2
3078,0,248443.5031,0,1.072804476,0.000398123,0,0,0,0,0,59.61641859,22.09812266,1.017310998,0.031053596,113.6181979,29.46747181,1.015495972,0.015526798,0,0,0,0,0,22868.93498,2
3079,141.3973081,121393.7212,171647.4539,1.07234595,0.000796246,0,0,0,0,0,92.85679574,22.07397593,1.016210358,0.054542854,188.6970532,75.01847035,1.026033097,0.053746608,0,0,0,0,0,14664.32126,2
3080,173.1598639,79071.31724,136919.7853,1.064166269,0.001194369,0,0,0,0,0,90.45071164,21.88336717,1.017950686,0.072856513,284.8715467,119.7185787,1.022338492,0.094355156,0,0,0,0,0,11530.4752,2
